{"keyframes": [{"matrix": "[0.8272338291008468,0.5618578040671421,-5.551115123125783e-17,0,-0.2375316052012009,0.3497222569139201,0.9062411817775524,0,0.5091786803487475,-0.7496733628907211,0.42276106780358236,0,0.47896585023993865,-0.9515791248412598,0.5814916650027258,1]", "fov": 50, "aspect": 1, "properties": "[[\"FOV\",50],[\"NAME\",\"Camera 0\"],[\"TIME\",0]]"}, {"matrix": "[-0.7823767528918062,0.6228054403539468,0,0,-0.3213261779715032,-0.4036543604975691,0.8566286503506197,0,0.5335129838014249,0.6702063418954083,0.5159334796254994,0,0.6297468368644016,0.8705884241305794,0.6298942865973014,1]", "fov": 50, "aspect": 1, "properties": "[[\"FOV\",50],[\"NAME\",\"Camera 1\"],[\"TIME\",0.3333333333333333]]"}, {"matrix": "[-0.6328650611443718,-0.774262109613231,5.551115123125783e-17,0,0.5302949652827201,-0.43345160697047014,0.7286336213835567,0,-0.5641534048275607,0.4611267613487495,0.6849036762855664,0,-1.15037864117812,0.9419806210572845,0.9698357735745697,1]", "fov": 50, "aspect": 1, "properties": "[[\"FOV\",50],[\"NAME\",\"Camera 2\"],[\"TIME\",0.6666666666666666]]"}, {"matrix": "[0.8856546004738294,-0.46434462273137367,5.551115123125783e-17,0,0.3211186341280705,0.6124765566154202,0.7223263046658626,0,-0.3354083354290172,-0.639731614770582,0.6915523910650295,0,-0.744313944221377,-1.0122460823491346,0.9816384688596442,1]", "fov": 50, "aspect": 1, "properties": "[[\"FOV\",50],[\"NAME\",\"Camera 3\"],[\"TIME\",1]]"}], "camera_type": "perspective", "render_height": 720, "render_width": 1280, "camera_path": [{"camera_to_world": [0.8272338291008468, -0.23753160520120095, 0.5091786803487476, 0.47896585023993865, 0.5618578040671424, 0.34972225691392006, -0.7496733628907212, -0.9515791248412598, -5.551115123125783e-17, 0.9062411817775526, 0.42276106780358225, 0.5814916650027258, 0, 0, 0, 1], "fov": 50, "aspect": 1}, {"camera_to_world": [0.7869651231007041, -0.2731975316041535, 0.5532169590210437, 0.529261541315286, 0.616835070905358, 0.32779345825044953, -0.7155878311076792, -0.8806297660950789, 0.014155928944282695, 0.9043862877408129, 0.42647983800188727, 0.5690999241463327, 0, 0, 0, 1], "fov": 50, "aspect": 1}, {"camera_to_world": [0.7408119899236578, -0.30816612126571424, 0.5968511014393755, 0.5774177305278577, 0.6711425901065363, 0.30298656347089115, -0.6765846333617027, -0.8084161279116933, 0.027662598042128672, 0.9017942027204126, 0.431279487814358, 0.558164858178566, 0, 0, 0, 1], "fov": 50, "aspect": 1}, {"camera_to_world": [0.688575508525192, -0.34176361135496997, 0.6395790826886713, 0.6232042730727838, 0.7240557702938689, 0.2752669821977188, -0.632432866014973, -0.735051628366994, 0.04008753626035525, 0.8985687077042966, 0.43699801712502645, 0.5486586815919589, 0, 0, 0, 1], "fov": 50, "aspect": 1}, {"camera_to_world": [0.6302105290807063, -0.3733046876980144, 0.6807924053472573, 0.6663910241451935, 0.7747458311023765, 0.2447262225744227, -0.5829905429541222, -0.6606496855368734, 0.05102534885039499, 0.8948478564131123, 0.4434452927335608, 0.5405536088790442, 0, 0, 0, 1], "fov": 50, "aspect": 1}, {"camera_to_world": [0.5658622522980573, -0.4021261304865093, 0.719787806651458, 0.7067478389402162, 0.8223052824162671, 0.21159631181778868, -0.5282433372371225, -0.5853237174972233, 0.06011600397958013, 0.8907982801987532, 0.45040480687984563, 0.5338218545323553, 0, 0, 0, 1], "fov": 50, "aspect": 1}, {"camera_to_world": [0.49589474373913944, -0.42762881968961197, 0.7557922966680479, 0.7440445726529816, 0.8657890153125858, 0.1762534043680745, -0.4683418819758995, -0.5091871423239356, 0.06706552091765632, 0.8866049458578117, 0.45763947151060963, 0.5284356330444255, 0, 0, 0, 1], "fov": 50, "aspect": 1}, {"camera_to_world": [0.4209041674575657, -0.44932367974515774, 0.7880024826338584, 0.7780510804786193, 0.9042696163210464, 0.13920546693964359, -0.40363138997444625, -0.43235337809290203, 0.07166688785932634, 0.8824568367882853, 0.4649019126548869, 0.524367158907788, 0, 0, 0, 1], "fov": 50, "aspect": 1}, {"camera_to_world": [0.3417101503582184, -0.46687425417123507, 0.8156363184252016, 0.8085372176122585, 0.9369018354430001, 0.10106093790812971, -0.33466645719681404, -0.3549358428800145, 0.0738181812679073, 0.8785300891951182, 0.4719488939420413, 0.5215886466149757, 0, 0, 0, 1], "fov": 50, "aspect": 1}, {"camera_to_world": [0.2593215276759091, -0.4801269032498775, 0.837991946297526, 0.835272839249029, 0.9629875491851662, 0.062479167109433374, -0.26220475547109906, -0.2770479547611648, 0.07353451841264774, 0.8749711483546152, 0.47855842292119966, 0.520072310658522, 0, 0, 0, 1], "fov": 50, "aspect": 1}, {"camera_to_world": [0.1748775517810441, -0.4891203357727377, 0.8545052012812048, 0.8580278005840601, 0.9820304479611324, 0.024108429011473892, -0.18717634179526146, -0.19880313181224474, 0.07095097716258789, 0.8718830660037864, 0.48454708548861475, 0.5197903655309599, 0, 0, 0, 1], "fov": 50, "aspect": 1}, {"camera_to_world": [0.08957125980143814, -0.4940698244572055, 0.8647959285163231, 0.8765719568124815, 0.9937702481374624, -0.01347834336266673, -0.1106301413585126, -0.12031479210914639, 0.06631503098385534, 0.8693177456034268, 0.4897846198530392, 0.5207150257248228, 0, 0, 0, 1], "fov": 50, "aspect": 1}, {"camera_to_world": [0.004566210421776245, -0.4953272184204132, 0.8686944781764646, 0.8906751631294226, 0.9981897925562764, -0.04983815349980093, -0.03366446928422461, -0.041696353727761315, 0.059969056677942556, 0.8672756800162369, 0.49420300190663674, 0.5228185057326438, 0, 0, 0, 1], "fov": 50, "aspect": 1}, {"camera_to_world": [-0.07908048961330598, -0.49332376811990886, 0.8662435777369399, 0.9001072747300132, 0.9954940096515404, -0.08469272768042903, 0.042647609850347726, 0.03693876525601837, 0.05232545184151394, 0.865712886404045, 0.4977983983537496, 0.5260730200469559, 0, 0, 0, 1], "fov": 50, "aspect": 1}, {"camera_to_world": [-0.16047768384163716, -0.48850656910860385, 0.8576760722595476, 0.9046381468093825, 0.9860654776838426, -0.11793825301021067, 0.1173262212680318, 0.11547714676630119, 0.04383818779282713, 0.8645530061335975, 0.5006259210991781, 0.5304507831602925, 0, 0, 0, 1], "fov": 50, "aspect": 1}, {"camera_to_world": [-0.23893542007732588, -0.48127980203912313, 0.8433739486026672, 0.9040376345626597, 0.9704053922725068, -0.14963088526077797, 0.18953620452176972, 0.1938053727271949, 0.03497484354381086, 0.8637015400734552, 0.5027886335169358, 0.5359240095651867, 0, 0, 0, 1], "fov": 50, "aspect": 1}, {"camera_to_world": [-0.31397456892343073, -0.47195916873012295, 0.8238170386201764, 0.8980755931849753, 0.9490700340355653, -0.17995378791427846, 0.25861690724125874, 0.2718100250628076, 0.026192376086884392, 0.8630591968497144, 0.504423217316619, 0.5424649137541717, 0, 0, 0, 1], "fov": 50, "aspect": 1}, {"camera_to_world": [-0.3853139815140397, -0.46074351869996083, 0.7995302030728902, 0.8865218778714579, 0.9226115452654673, -0.20917383078169566, 0.3240898718858356, 0.3493776856972479, 0.017918487454724106, 0.8625321550481984, 0.5056848913258587, 0.5500457102197807, 0, 0, 0, 1], "fov": 50, "aspect": 1}, {"camera_to_world": [-0.4528410391437453, -0.4477034443517965, 0.7710360686652413, 0.8691463438172373, 0.8915289807972799, -0.2375957297737196, 0.38564795551364833, 0.4263949365546237, 0.010538959425689028, 0.8620382213735256, 0.5067336926092364, 0.5586386134545468, 0, 0, 0, 1], "fov": 50, "aspect": 1}, {"camera_to_world": [-0.5165720891608313, -0.43278384288818117, 0.738817583734275, 0.8457188462174434, 0.8562324470946658, -0.26551924192633625, 0.44313150272706175, 0.502748359559043, 0.004390130099939825, 0.8615089538140634, 0.5077233983734685, 0.5682158379510032, 0, 0, 0, 1], "fov": 50, "aspect": 1}, {"camera_to_world": [-0.5766083973699093, -0.41581645842667553, 0.7032918519249327, 0.8160092402672051, 0.817020621546946, -0.29320227000113924, 0.49649746508237186, 0.5783245366346143, -0.0002450500906784892, 0.8608885536279803, 0.5087935123237884, 0.5787495982016833, 0, 0, 0, 1], "fov": 50, "aspect": 1}, {"camera_to_world": [-0.6330916577553969, -0.3965389002995909, 0.66479459491614, 0.7797873811616521, 0.7740704735474326, -0.32083035957216577, 0.5457863889461225, 0.653010049705445, -0.0031392455426027246, 0.8601306766567428, 0.5100640785346849, 0.5902121086991199, 0, 0, 0, 1], "fov": 50, "aspect": 1}, {"camera_to_world": [-0.6861614778562133, -0.3746179684320281, 0.6235734151116752, 0.7368231240959146, 0.7274375756133357, -0.3484915949017191, 0.5910906714444484, 0.7266914806956443, -0.004123092525063238, 0.8591943819711093, 0.5116326945156198, 0.6025755839358461, 0, 0, 0, 1], "fov": 50, "aspect": 1}, {"camera_to_world": [-0.7359160599970446, -0.3496767216365828, 0.5797876706035736, 0.6868863242651209, 0.6770657343999208, -0.376155423632948, 0.6325259588135599, 0.7992554115293198, -0.00308932677491447, 0.8580403764491559, 0.5135729436439078, 0.6158122384043956, 0, 0, 0, 1], "fov": 50, "aspect": 1}, {"camera_to_world": [-0.7823767528918062, -0.3213261779715033, 0.5335129838014249, 0.6297468368644016, 0.6228054403539468, -0.40365436049756925, 0.6702063418954083, 0.8705884241305794, 2.7755575615628907e-17, 0.8566286503506199, 0.5159334796254995, 0.6298942865973014, 0, 0, 0, 1], "fov": 50, "aspect": 1}, {"camera_to_world": [-0.8243619148045038, -0.29012509805870335, 0.486060552705401, 0.5669258753722869, 0.5660415412174442, -0.4299893304460352, 0.7033535023860695, 0.9386687021623484, 0.00494034776433433, 0.8549483043898025, 0.5186896854430105, 0.6444040640339904, 0, 0, 0, 1], "fov": 50, "aspect": 1}, {"camera_to_world": [-0.8610482041750634, -0.25707708263286955, 0.4387566109722691, 0.5003497325583641, 0.5083985077612764, -0.45430112780163495, 0.7315336236867517, 1.0015115065097677, 0.011267093369883489, 0.8529489192578508, 0.521872775438477, 0.6589375435590601, 0, 0, 0, 1], "fov": 50, "aspect": 1}, {"camera_to_world": [-0.8928402241738498, -0.222467723735327, 0.391592193478384, 0.4303958825543457, 0.44999023063578797, -0.4765199208159078, 0.7552731674023322, 1.059059034930271, 0.01857757867807977, 0.8505509255545038, 0.5255644552372588, 0.6734873956527988, 0, 0, 0, 1], "fov": 50, "aspect": 1}, {"camera_to_world": [-0.9200528192684445, -0.18657847003186756, 0.34451601454323505, 0.35744179949194516, 0.3908982159813674, -0.49658048515861636, 0.7749880041021394, 1.1112534851812916, 0.02648385354836471, 0.8477005935353595, 0.529813466439867, 0.688046290795495, 0, 0, 0, 1], "fov": 50, "aspect": 1}, {"camera_to_world": [-0.9429282624019499, -0.1496875358923665, 0.2974557674043504, 0.2818649575028758, 0.33119168987487074, -0.5144281748296067, 0.7909966608648277, 1.1580370550202617, 0.03461728645441404, 0.8443679852646897, 0.5346441329880859, 0.7026068994674368, 0, 0, 0, 1], "fov": 50, "aspect": 1}, {"camera_to_world": [-0.9616517845280464, -0.11206743677027638, 0.2503332477514007, 0.20404283071885027, 0.2709396480608748, -0.5300242631549819, 0.8035334389903558, 1.199351942204615, 0.04263276231577525, 0.8405445675767339, 0.5400622903837742, 0.7171618921489128, 0, 0, 0, 1], "fov": 50, "aspect": 1}, {"camera_to_world": [-0.9763643569191436, -0.07398018866797612, 0.20307529200401983, 0.12435289327158182, 0.21021732546654365, -0.5433497653198974, 0.8127605481324163, 1.235140344491785, 0.05021273355992997, 0.8362403746599796, 0.5460592615980214, 0.7317039393202114, 0, 0, 0, 1], "fov": 50, "aspect": 1}, {"camera_to_world": [-0.9871724144980135, -0.035671153593750345, 0.15562195492748934, 0.04317261929278411, 0.14910904899348584, -0.5544072336044487, 0.8187790366364546, 1.265344459639204, 0.057071144744263655, 0.8314807202385113, 0.5526144192013324, 0.7462257114616206, 0, 0, 0, 1], "fov": 50, "aspect": 1}, {"camera_to_world": [-0.9941546823263532, 0.002637589509576396, 0.10793289920208217, -0.03912051708583059, 0.08770898171483532, -0.5632202994687767, 0.8216386242094806, 1.289906485404306, 0.06295714522700774, 0.8263025701205825, 0.5596967576080685, 0.7607198790534295, 0, 0, 0, 1], "fov": 50, "aspect": 1}, {"camera_to_world": [-0.9973665471328359, 0.040753598415586574, 0.05999262351744531, -0.12214904173254887, 0.026120869294226357, -0.5698309494995198, 0.8213466924385765, 1.3087686195445238, 0.06765848688552514, 0.8207507741139553, 0.5672658071342784, 0.7751791125759259, 0, 0, 0, 1], "fov": 50, "aspect": 1}, {"camera_to_world": [-0.99684256057995, 0.07851953714184347, 0.01181489328938388, -0.2055354805156569, -0.035542449056347555, -0.5742946780008124, 0.8178767371279245, 1.3218730598172903, 0.0710045331756065, 0.8148744106345307, 0.5752721539945596, 0.7895960825093982, 0, 0, 0, 1], "fov": 50, "aspect": 1}, {"camera_to_world": [-0.9925977028495359, 0.11581728996579108, -0.03655346280182793, -0.28890235930344277, -0.09715930761150689, -0.5766737659652399, 0.8111765754704214, 1.329162003980039, 0.07286884960171479, 0.808723514553922, 0.5836577830932053, 0.803963459334135, 0, 0, 0, 1], "fov": 50, "aspect": 1}, {"camera_to_world": [-0.9846279941894885, 0.15257036770276433, -0.08502938290630944, -0.37187220396419274, -0.15859906071467156, -0.5770290034900812, 0.8011765517485318, 1.3305776497902027, 0.07317138100930201, 0.8023464414018965, 0.5923564273061488, 0.8182739135304246, 0, 0, 0, 1], "fov": 50, "aspect": 1}, {"camera_to_world": [-0.9729109349104001, 0.18874434565883882, -0.1334911409554502, -0.4540675403661931, -0.2197215159593901, -0.5754102122589781, 0.7877979074944189, 1.3260621950052147, 0.07188023480956779, 0.7957880745587322, 0.6012940813227974, 0.8325201155785553, 0, 0, 0, 1], "fov": 50, "aspect": 1}, {"camera_to_world": [-0.9574060978005223, 0.2243451347567604, -0.18177685332667587, -0.5351108943777321, -0.28037610278640046, -0.5718459495677356, 0.7709613809713718, 1.315557837382508, 0.06901307760625253, 0.7890890130232114, 0.6103898136808703, 0.8466947359588156, 0, 0, 0, 1], "fov": 50, "aspect": 1}, {"camera_to_world": [-0.938056009616652, 0.2594149253826034, -0.22968417296544905, -0.6146247918670955, -0.3404009932571935, -0.5663327967744138, 0.7505959812623477, 1.2990067746795164, 0.06463812042131296, 0.782285791630149, 0.6195569817232237, 0.8607904451514937, 0, 0, 0, 1], "fov": 50, "aspect": 1}, {"camera_to_world": [-0.9147872613216508, 0.29402566823311094, -0.27697142983294554, -0.6922317587025705, -0.3996223779455183, -0.5588246593672549, 0.7266477517533795, 1.276351204653672, 0.058874625848517756, 0.7754120881848208, 0.6287049164179114, 0.8747999136368783, 0, 0, 0, 1], "fov": 50, "aspect": 1}, {"camera_to_world": [-0.8875116045596662, 0.3282699794107031, -0.3233604372671821, -0.767554320752444, -0.4578540003262526, -0.5492225331366176, 0.6990882086548484, 1.2475333250624088, 0.051892833389346346, 0.768500767542033, 0.6377410949046108, 0.8887158118952574, 0, 0, 0, 1], "fov": 50, "aspect": 1}, {"camera_to_world": [-0.8561266530652494, 0.36224938534488044, -0.3685410923201789, -0.8402150038850034, -0.5148968697244749, -0.5373652163394739, 0.6679220297432685, 1.2124953336631599, 0.043913180928185025, 0.7615865066331512, 0.6465737587120913, 0.9025308104069197, 0, 0, 0, 1], "fov": 50, "aspect": 1}, {"camera_to_world": [-0.8205157450578121, 0.39605985502706226, -0.41217775697891096, -0.9098363339685344, -0.5705388159479374, -0.5230214662409971, 0.6331934975565078, 1.1711794282133579, 0.035204710039273585, 0.7547086438401645, 0.6551148687856128, 0.9162375796521534, 0, 0, 0, 1], "fov": 50, "aspect": 1}, {"camera_to_world": [-0.780546572237951, 0.4297745901399735, -0.45391722839919074, -0.976040836871325, -0.6245532383670824, -0.5058841128660785, 0.5949911905187263, 1.123527806470436, 0.026082580638726732, 0.7479138092184945, 0.6632832222870603, 0.9298287901112469, 0, 0, 0, 1], "fov": 50, "aspect": 1}, {"camera_to_world": [-0.7360683805538678, 0.4634240383060738, -0.493397912306991, -1.0384510384616616, -0.676696070011069, -0.4855666739190866, 0.5534504801793291, 1.069482666191828, 0.01690467332961357, 0.741257826872166, 0.6710075007929293, 0.9432971122644885, 0, 0, 0, 1], "fov": 50, "aspect": 1}, {"camera_to_world": [-0.6869079356987919, 0.4969730444029854, -0.530259635471957, -1.0966894646078313, -0.7266996673961785, -0.46160311074994953, 0.5087535371397957, 1.0089862051349663, 0.00806729696416189, 0.7348063427072459, 0.6782289859899042, 0.9566352165921668, 0, 0, 0, 1], "fov": 50, "aspect": 1}, {"camera_to_world": [-0.6328650611443716, 0.5302949652827201, -0.5641534048275607, -1.15037864117812, -0.774262109613231, -0.43345160697046975, 0.4611267613487495, 0.9419806210572845, 1.6653345369377348e-16, 0.7286336213835566, 0.6849036762855665, 0.9698357735745697, 0, 0, 0, 1], "fov": 50, "aspect": 1}, {"camera_to_world": [-0.5753271875337533, 0.5623091058604239, -0.5939756701675177, -1.1978546564830186, -0.8178960429901334, -0.40145033188896717, 0.41216949655126106, 0.8703625599955354, -0.006685068854040993, 0.7229426675004654, 0.6908756830007322, 0.9825323735297457, 0, 0, 0, 1], "fov": 50, "aspect": 1}, {"camera_to_world": [-0.515953131619095, 0.5920829638827393, -0.6190558374268673, -1.2378740670437238, -0.8565384105101256, -0.3663651753417837, 0.3634810993952395, 0.7962192379872223, -0.011589533779959055, 0.7177843145239489, 0.6961690603080176, 0.9943471757540004, 0, 0, 0, 1], "fov": 50, "aspect": 1}, {"camera_to_world": [-0.45484782479786323, 0.6195778211041871, -0.6397161713388526, -1.2706901010445855, -0.8904486646865944, -0.3282161070782053, 0.3152385804629393, 0.7197787077909078, -0.014650318580607474, 0.713019993163036, 0.7009906258397974, 1.0052557041950094, 0, 0, 0, 1], "fov": 50, "aspect": 1}, {"camera_to_world": [-0.3920347663995116, 0.644683872967741, -0.6562708631879021, -1.296555986669952, -0.9198133067566702, -0.28700495910188034, 0.26752875390187153, 0.6412690221651519, -0.015881519053307345, 0.7085272453379907, 0.705504727104162, 1.0152334828004475, 0, 0, 0, 1], "fov": 50, "aspect": 1}, {"camera_to_world": [-0.3274882937574109, 0.6672164856913265, -0.6690094010352737, -1.3157249521041738, -0.9447303490908583, -0.24273952025297096, 0.22036808483540166, 0.5609182338685142, -0.015361801929624996, 0.7042014530864541, 0.7098340147614804, 1.0242560355179913, 0, 0, 0, 1], "fov": 50, "aspect": 1}, {"camera_to_world": [-0.2611662519349313, 0.6869172189791274, -0.6781864958256258, -1.3284502255315997, -0.9652032353681834, -0.19545791085462305, 0.17372080911375487, 0.4789543956595573, -0.013225100568670007, 0.6999578125532478, 0.7140617321777024, 1.032298886295315, 0, 0, 0, 1], "fov": 50, "aspect": 1}, {"camera_to_world": [-0.1930420243924976, 0.7034597755518974, -0.6840169011061938, -1.3349850351365788, -0.9811429948364662, -0.14525298051731703, 0.12751468673908112, 0.3956055602968412, -0.009654040696849024, 0.6957340841379773, 0.7182345603400839, 1.0393375590800953, 0, 0, 0, 1], "fov": 50, "aspect": 1}, {"camera_to_world": [-0.12313511506855696, 0.7164614145925357, -0.686673710605784, -1.3355826091034604, -0.9923779400568253, -0.09229621581703631, 0.08165434853348033, 0.31109978053892556, -0.004875194932027316, 0.6914943600246627, 0.7223654078985627, 1.045347577820007, 0, 0, 0, 1], "fov": 50, "aspect": 1}, {"camera_to_world": [-0.05153927861925171, 0.7255005426288497, -0.6862890538283789, -1.3304961756165943, -0.9986706107943732, -0.036860116351948295, 0.03603252639094605, 0.22566510914437327, 0.0008449230737371529, 0.6872337989852981, 0.7264358138454038, 1.0503044664627255, 0, 0, 0, 1], "fov": 50, "aspect": 1}, {"camera_to_world": [0.021553279399004182, 0.7301410503138037, -0.6829564428232622, -1.3199789628603298, -0.9997417438465513, 0.020662683157180527, -0.009460398268706668, 0.13952959887174393, 0.007204287459911769, 0.682983967726477, 0.7303978354778945, 1.054183748955926, 0, 0, 0, 1], "fov": 50, "aspect": 1}, {"camera_to_world": [0.09583367216917682, 0.7299634096828611, -0.6767343110872555, -1.3042841990190153, -0.9953007050693445, 0.07974593286117168, -0.054928068239903226, 0.05292130247959727, 0.013871328957122921, 0.6788180954543513, 0.7341754419188171, 1.056960949247285, 0, 0, 0, 1], "fov": 50, "aspect": 1}, {"camera_to_world": [0.17086651542379716, 0.7246015626282374, -0.6676505143738346, -1.2836651122770013, -0.9850810402350161, 0.13972474745463379, -0.1004606346696939, -0.0339317272735038, 0.020493366644555713, 0.674855221796094, 0.7376655417857856, 1.058611591284477, 0, 0, 0, 1], "fov": 50, "aspect": 1}, {"camera_to_world": [0.2460909506217553, 0.7137833102262903, -0.6557077321981801, -1.2583749308186365, -0.9688786941398104, 0.19980180619434412, -0.14612773276628147, -0.1208014376289996, 0.026708052419014576, 0.6712619639782053, 0.7407388579331489, 1.0591111990151774, 0, 0, 0, 1], "fov": 50, "aspect": 1}, {"camera_to_world": [0.3208342656302579, 0.6973704984275615, -0.6408898204218784, -1.2286668828282696, -0.9465892711753084, 0.2590667812552944, -0.1919717545521219, -0.20745977582833047, 0.03215782475995297, 0.6682505449103021, 0.7432409323589441, 1.0584352963870625, 0, 0, 0, 1], "fov": 50, "aspect": 1}, {"camera_to_world": [0.3943384755258421, 0.6753941738379063, -0.6231692199280764, -1.1947941964902513, -0.9182398532097487, 0.31652948983042273, -0.23800137404021818, -0.2936786891129336, 0.03650669386967683, 0.6660719120436657, 0.7449936035223398, 1.056559407347807, 0, 0, 0, 1], "fov": 50, "aspect": 1}, {"camera_to_world": [0.4657982622793573, 0.6480794905788992, -0.6025155207532215, -1.1570100999889306, -0.8840107714494162, 0.3711651715540831, -0.2841854524542666, -0.37923012472424905, 0.03945801336787208, 0.665003300229572, 0.7457973423557089, 1.0534590558450867, 0, 0, 0, 1], "fov": 50, "aspect": 1}, {"camera_to_world": [0.5344065683861126, 0.6158558100429965, -0.5789052089090786, -1.1155678215086553, -0.8442436329225822, 0.4219680625974187, -0.3304476394490684, -0.4638860299037171, 0.040771410761215765, 0.6653304257164748, 0.7454348507284018, 1.0491097658265771, 0, 0, 0, 1], "fov": 50, "aspect": 1}, {"camera_to_world": [0.5994024954625903, 0.5793491877709535, -0.5523324787321093, -1.0707205892337768, -0.7994338112523546, 0.468007677642884, -0.37666217635150123, -0.5474183518927753, 0.04027691472487025, 0.6673255070027303, 0.7436762991004852, 1.0434870612399532, 0, 0, 0, 1], "fov": 50, "aspect": 1}, {"camera_to_world": [0.6601155287889268, 0.5393569535863859, -0.5228207773890866, -1.0227216313486431, -0.7502081343514984, 0.5084814679750143, -0.4226515726681006, -0.6295990379328639, 0.037884611711879124, 0.6712232663905415, 0.7402864870112464, 1.0365664660328915, 0, 0, 0, 1], "fov": 50, "aspect": 1}, {"camera_to_world": [0.7160007577445279, 0.4968067443118538, -0.49043447443620664, -0.9718241760376034, -0.6972909759663644, 0.5427580454257548, -0.4681869273714179, -0.7102000352654225, 0.03358883363763831, 0.677197728091191, 0.735034031404664, 1.0283235041530658, 0, 0, 0, 1], "fov": 50, "aspect": 1}, {"camera_to_world": [0.766661528818928, 0.4527044735628877, -0.4552897537230251, -0.918281451485008, -0.6414636998514665, 0.5704067731575746, -0.5129916518900002, -0.7889932911318889, 0.027466743561838897, 0.6853428140369693, 0.727702415308618, 1.0187336995481533, 0, 0, 0, 1], "fov": 50, "aspect": 1}, {"camera_to_world": [0.8118583234361042, 0.40807686665634935, -0.41756356829524105, -0.8623466858752062, -0.5835229855113621, 0.5912117073236187, -0.5567491737788199, -0.8657507527737035, 0.01967201177879974, 0.6956593908109255, 0.7181023770529845, 1.0077725761658283, 0, 0, 0, 1], "fov": 50, "aspect": 1}, {"camera_to_world": [0.8515049267754142, 0.3639142630899883, -0.3774993626443192, -0.8042731073925456, -0.5242429608191359, 0.6051700075482173, -0.5991148303920347, -0.940244367432306, 0.010424860132509206, 0.708050613363029, 0.706084733730631, 0.9954156579537667, 0, 0, 0, 1], "fov": 50, "aspect": 1}, {"camera_to_world": [0.8856546004738295, 0.3211186341280705, -0.33540833542901716, -0.744313944221377, -0.46434462273137367, 0.6124765566154202, -0.639731614770582, -1.0122460823491346, 0, 0.7223263046658626, 0.6915523910650296, 0.9816384688596442, 0, 0, 0, 1], "fov": 50, "aspect": 1}, {"camera_to_world": [0.9137894588710693, 0.28150630455611414, -0.2928191000451963, -0.6843126584997115, -0.40603970684253254, 0.6135761250513331, -0.6772415338963059, -1.0796576580653348, -0.010980952752313226, 0.7377523563243639, 0.6749821326631547, 0.9668238323241722, 0, 0, 0, 1], "fov": 50, "aspect": 1}, {"camera_to_world": [0.9360649894440152, 0.24631932572080054, -0.2512152967349439, -0.6258732943376546, -0.35114678260827, 0.6097016133053029, -0.7106052911404271, -1.140570778587828, -0.02186944446107747, 0.7533861775406826, 0.6572145729437251, 0.9514106165426145, 0, 0, 0, 1], "fov": 50, "aspect": 1}, {"camera_to_world": [0.953518643708883, 0.21531069635877897, -0.21081627103492295, -0.568889952877701, -0.2995893244656463, 0.6021923543950101, -0.7400071654885594, -1.1950422763567157, -0.03237951151253111, 0.7687689329972253, 0.6387064230869434, 0.9354584125944743, 0, 0, 0, 1], "fov": 50, "aspect": 1}, {"camera_to_world": [0.967023599445002, 0.1880613455373372, -0.17175065773125528, -0.5132567352623435, -0.25115052833010626, 0.5921523937187174, -0.7656885494329281, -1.2431289838120998, -0.04229385577056142, 0.7835741655567005, 0.6198570454840209, 0.9190268115592544, 0, 0, 0, 1], "fov": 50, "aspect": 1}, {"camera_to_world": [0.9772966781075272, 0.1640637044860061, -0.13406828047797428, -0.4588677426340747, -0.20553430299956404, 0.5804624695608727, -0.7879206633423039, -1.2848877333940834, -0.05144757769298497, 0.7975878774791034, 0.6010047624169903, 0.9021754045164576, 0, 0, 0, 1], "fov": 50, "aspect": 1}, {"camera_to_world": [0.9849154813360175, 0.14277859722105224, -0.0977536024923366, -0.4056170761353891, -0.1624057733974291, 0.56780562777276, -0.806982734534491, -1.3203753575427675, -0.05971481718823341, 0.8106855378290465, 0.5824286216893924, 0.8849637825455876, 0, 0, 0, 1], "fov": 50, "aspect": 1}, {"camera_to_world": [0.9903379542545796, 0.12367121504229613, -0.06273887895728084, -0.3533988369087795, -0.12141647462475075, 0.5546974438857819, -0.8231456647740285, -1.3496486886982544, -0.06699832872953951, 0.8228099272107394, 0.5643536547510847, 0.8674515367261466, 0, 0, 0, 1], "fov": 50, "aspect": 1}, {"camera_to_world": [0.9939208535445464, 0.10623186350158956, -0.028915879136901447, -0.30210712609673857, -0.08221881573120154, 0.5415156923181661, -0.8366605173622906, -1.3727645593006463, -0.07322160356779256, 0.8339517648822125, 0.5469579971266569, 0.8496982581376378, 0, 0, 0, 1], "fov": 50, "aspect": 1}, {"camera_to_world": [0.995935551084284, 0.08998623164816351, 0.0038543741653636675, -0.2516360448417608, -0.044473350495110475, 0.5285268523940393, -0.8477508403972174, -1.3897798017900453, -0.07832304374947785, 0.8441337834799721, 0.5303806712217225, 0.8317635378595644, 0, 0, 0, 1], "fov": 50, "aspect": 1}, {"camera_to_world": [0.9965806587178522, 0.07449880775017033, 0.03573399380555417, -0.2018796942863389, -0.007851389148688716, 0.5159083869995024, -0.8566077818418459, -1.400751248606553, -0.0822517255620092, 0.8533981859995805, 0.5147292392847886, 0.8137069669714293, 0, 0, 0, 1], "fov": 50, "aspect": 1}, {"camera_to_world": [0.9959914637955598, 0.05937205182668486, 0.06690264201261042, -0.1527321755729658, 0.02796531743487736, 0.5037665885625033, -0.8633870309825507, -1.4057357321902721, -0.08496437528249474, 0.8617970664315275, 0.50008686367757, 0.7955881365527353, 0, 0, 0, 1], "fov": 50, "aspect": 1}, {"camera_to_world": [0.9942463550864982, 0.04424313255808155, 0.09755373195660574, -0.10408758984413571, 0.06328667134435013, 0.4921502069089177, -0.8682067559456456, -1.4047900849813044, -0.08642327595830578, 0.8693852535331834, 0.4865185487848093, 0.7774666376829856, 0, 0, 0, 1], "fov": 50, "aspect": 1}, {"camera_to_world": [0.991370439198386, 0.028779451994318177, 0.1278921241770043, -0.05584003824234148, 0.09841734135752749, 0.4810602277148516, -0.8711458455569028, -1.3979711394197518, -0.08659491442178036, 0.8762150423576636, 0.4740764920795405, 0.7594020614416833, 0, 0, 0, 1], "fov": 50, "aspect": 1}, {"camera_to_world": [0.987336480937461, 0.012673789521359854, 0.15813300879069903, -0.00788362191007607, 0.13366038080172873, 0.47045617153838365, -0.8722418777296718, -1.3853357279457161, -0.0854492598795794, 0.882332344256185, 0.4628045573083923, 0.7414539989083309, 0, 0, 0, 1], "fov": 50, "aspect": 1}, {"camera_to_world": [0.9820631913162132, -0.00436033489036411, 0.18850165978436095, 0.03988755801016645, 0.1693209554845826, 0.4602592018142033, -0.8714883138511614, -1.3669406829993003, -0.08295964257157269, 0.8877738758405748, 0.4527419166361787, 0.7236820411624317, 0, 0, 0, 1], "fov": 50, "aspect": 1}, {"camera_to_world": [0.9754107580156949, -0.022592572650712333, 0.21923373100020466, 0.08757940037589297, 0.20570980598963137, 0.4503522087113436, -0.8688304574705716, -1.3428428370206054, -0.07910327974841522, 0.8925651033789281, 0.4439259030099588, 0.706145779283489, 0, 0, 0, 1], "fov": 50, "aspect": 1}, {"camera_to_world": [0.9671733812782524, -0.04227839538534344, 0.2505757127704776, 0.135297804044611, 0.24314598298645243, 0.4405769035300686, -0.8641597207885867, -1.3130990224497336, -0.07386258528066904, 0.8967187571136767, 0.43639407550533804, 0.688904804351005, 0, 0, 0, 1], "fov": 50, "aspect": 1}, {"camera_to_world": [0.9570684632982982, -0.0636597747387444, 0.28278505908206386, 0.1831486678738259, 0.281958185846166, 0.4307278431055844, -0.8573057252858808, -1.277766071726788, -0.06722750920696753, 0.9002338353193706, 0.430185429497564, 0.6720187074444834, 0, 0, 0, 1], "fov": 50, "aspect": 1}, {"camera_to_world": [0.9447220380763159, -0.0869628595009702, 0.3161292960804905, 0.23123789072104523, 0.3224836647541199, 0.4205432464770309, -0.8480257447797865, -1.2369008172918694, -0.0591992967836978, 0.9030951438857225, 0.42534057454038154, 0.655547079643427, 0, 0, 0, 1], "fov": 50, "aspect": 1}, {"camera_to_world": [0.9296500955658287, -0.1123910870659187, 0.350883090733348, 0.27967137144377574, 0.36506305444810067, 0.4096925420113556, -0.8359910210626049, -1.19056009158508, -0.04979624575677295, 0.9052735854803313, 0.42190054437049074, 0.6395495120273386, 0, 0, 0, 1], "fov": 50, "aspect": 1}, {"camera_to_world": [0.911235792954836, -0.14011138963938957, 0.3873217372305492, 0.32855500889952327, 0.41002861805962876, 0.39776093405824026, -0.8207696215803966, -1.138800727046523, -0.03906228372845826, 0.90672765361515, 0.41990367962126984, 0.6240855956757213, 0, 0, 0, 1], "fov": 50, "aspect": 1}, {"camera_to_world": [0.8887034219041423, -0.17023011898424792, 0.42570874372800577, 0.377994701945795, 0.4576821275899515, 0.38423216116730075, -0.8018059094378395, -1.0816795561162993, -0.027079475264551706, 0.9074069389834498, 0.4193797194716053, 0.609214921668078, 0, 0, 0, 1], "fov": 50, "aspect": 1}, {"camera_to_world": [0.8610918658352551, -0.20275413182972268, 0.46627412604425583, 0.4280963494400984, 0.5082570164274581, 0.3684724660552664, -0.7783976149831198, -1.0192534112345106, -0.013985844437061884, 0.9072589507881011, 0.4203398534165614, 0.5949970810839118, 0, 0, 0, 1], "fov": 50, "aspect": 1}], "fps": 24, "seconds": 4, "smoothness_value": 0.8958333333333333, "is_cycle": true, "crop": null}