{"keyframes": [{"matrix": "[-0.9828336642305493,-0.1844938710503717,0,0,0.06111725748772362,-0.3255831631825925,0.9435360537304317,0,-0.1740766190283189,0.927338997021513,0.3312698527044131,0,0.06192674890476382,0.5636578462249453,-0.28786887278170536,1]", "fov": 50, "aspect": 1, "properties": "[[\"FOV\",50],[\"NAME\",\"Camera 0\"],[\"TIME\",0]]"}, {"matrix": "[-0.7828051915864687,-0.6222668495310288,5.551115123125783e-17,0,0.1919889461597195,-0.2415200872331691,0.9512141147057074,0,-0.5919090103873672,0.7446153473019546,0.3085315348301325,0,-0.8732711484117283,0.2464884555999301,-0.18970247747265073,1]", "fov": 50, "aspect": 1, "properties": "[[\"FOV\",50],[\"NAME\",\"Camera 1\"],[\"TIME\",0.5]]"}, {"matrix": "[0.8435523408159822,-0.5370469702957805,0,0,0.5218233412832929,0.8196402277244115,0.2364112890447807,0,-0.12696396652521955,-0.19942529626904854,0.9716530771896856,0,-0.27030127021506123,-0.7615366634952094,0.624644492714692,1]", "fov": 50, "aspect": 1, "properties": "[[\"FOV\",50],[\"NAME\",\"Camera 2\"],[\"TIME\",1]]"}], "camera_type": "perspective", "render_height": 1080, "render_width": 1920, "camera_path": [{"camera_to_world": [-0.9828336642305497, 0.06111725748772363, -0.17407661902831892, 0.06192674890476382, -0.18449387105037174, -0.3255831631825927, 0.9273389970215132, 0.5636578462249453, 1.3877787807814457e-17, 0.9435360537304319, 0.33126985270441306, -0.28786887278170536, 0, 0, 0, 1], "fov": 50, "aspect": 1}, {"camera_to_world": [-0.9825927401439108, 0.054634700291478586, -0.17755719230867964, 0.05554589036147856, -0.1856867362509733, -0.31791899841408305, 0.9297569286796672, 0.5732469356542824, -0.005651813597652913, 0.9465424237568257, 0.3225298389786762, -0.29570617422213913, 0, 0, 0, 1], "fov": 50, "aspect": 1}, {"camera_to_world": [-0.9822194258675863, 0.048525118297017396, -0.18135686461396963, 0.048297756703652314, -0.18740755753205754, -0.3105957294209571, 0.9318844886815812, 0.5821687760188535, -0.011108862597844361, 0.949302694486708, 0.31416713292777476, -0.30318237264116454, 0, 0, 0, 1], "fov": 50, "aspect": 1}, {"camera_to_world": [-0.9817211442870222, 0.04275874509935202, -0.18545965754661684, 0.040211668296117255, -0.1896186132999577, -0.3036111734909385, 0.9337371347556315, 0.5904333112270795, -0.016382196128140576, 0.9518360914826586, 0.30616936261003524, -0.3103005457558433, 0, 0, 0, 1], "fov": 50, "aspect": 1}, {"camera_to_world": [-0.9811038727525715, 0.03731000907976814, -0.1898503465690112, 0.03131694550370558, -0.19228559155239527, -0.296961946302557, 0.935328740994065, 0.598050485187382, -0.02148120460429187, 0.9541601362825135, 0.29852469274430826, -0.3170637712832373, 0, 0, 0, 1], "fov": 50, "aspect": 1}, {"camera_to_world": [-0.9803724146191963, 0.03215703410550838, -0.19451440515104257, 0.021642908691249477, -0.1953771723743683, -0.2906437291579894, 0.9366717585238351, 0.6050302418081825, -0.026413806403529562, 0.9562908280741139, 0.29122184494402614, -0.32347512694040836, 0, 0, 0, 1], "fov": 50, "aspect": 1}, {"camera_to_world": [-0.9795306221085962, 0.02728120498392157, -0.19943795076707896, 0.011218878223581164, -0.1988646666145974, -0.28465147932089746, 0.9377773614737615, 0.611382524997902, -0.031186611290930543, 0.958242803873345, 0.28425010835730297, -0.3295376904444181, 0, 0, 0, 1], "fov": 50, "aspect": 1}, {"camera_to_world": [-0.9785815799365138, 0.02266678860733876, -0.2046076931671597, 7.417446553279177e-05, -0.20272170287907132, -0.2789795948988402, 0.9386555794389592, 0.6171172786649619, -0.03580506375871846, 0.9600294799246057, 0.2775993427314352, -0.3352545395123285, 0, 0, 0, 1], "fov": 50, "aspect": 1}, {"camera_to_world": [-0.9775277571640716, 0.01830060298259221, -0.2100108852042041, -0.01176188221806342, -0.20692395611131356, -0.27362204339977675, 0.9393154176063405, 0.6222444467177837, -0.04027356901272883, 0.9616631766352521, 0.27125997556361453, -0.3406287518612012, 0, 0, 0, 1], "fov": 50, "aspect": 1}, {"camera_to_world": [-0.9763711331855707, 0.014171727444073778, -0.2156352763885715, -0.024259971462375293, -0.21144891200768354, -0.26857246126925094, 0.9397649656475516, 0.6267739730647884, -0.04459560396150738, 0.9631552290202383, 0.26522299470121524, -0.3456634052080981, 0, 0, 0, 1], "fov": 50, "aspect": 1}, {"camera_to_world": [-0.9751133025554934, 0.01027124831092348, -0.221469069256757, -0.03739077290257065, -0.21627566235511214, -0.2638242302718896, 0.9400114964160293, 0.6307158016143978, -0.048773815230883935, 0.9645160843550409, 0.25947993750624204, -0.3503615772700809, 0, 0, 0, 1], "fov": 50, "aspect": 1}, {"camera_to_world": [-0.9737555624078421, 0.00659203508048229, -0.22750087857695167, -0.05112496617381725, -0.2213847270944167, -0.2593705354350678, 0.9400615554087174, 0.6340798762750328, -0.052810105937385284, 0.9657553885025048, 0.25402287749188696, -0.3547263457642114, 0, 0, 0, 1], "fov": 50, "aspect": 1}, {"camera_to_world": [-0.9722989854729289, 0.0031285429659326713, -0.2337196933662709, -0.06543323091128295, -0.22675789952083175, -0.25520440835993796, 0.9399210418745579, 0.6368761409551147, -0.05670571270351653, 0.9668820621836793, 0.24884440916810233, -0.35876078840755155, 0, 0, 0, 1], "fov": 50, "aspect": 1}, {"camera_to_world": [-0.9707444811055493, -0.00012336179965770667, -0.2401148416591201, -0.08028624675013554, -0.23237811154959778, -0.25131875897574263, 0.9395952823740311, 0.6391145395630652, -0.060461274182410575, 0.9679043682971777, 0.243937631691956, -0.3624679829171629, 0, 0, 0, 1], "fov": 50, "aspect": 1}, {"camera_to_world": [-0.9690928462697534, -0.0031665569445237336, -0.24667595794058458, -0.09565469332554286, -0.23822931641186365, -0.2477063982287231, 0.9390890975187016, 0.6408050160073053, -0.06407689217435657, 0.9688299712507197, 0.2392961318024292, -0.3658510070101075, 0, 0, 0, 1], "fov": 50, "aspect": 1}, {"camera_to_world": [-0.9673448080526922, -0.0060028020261515685, -0.25339295314064086, -0.11150925027267264, -0.2442963865166461, -0.24436005372676253, 0.9384068625482037, 0.6419575141962565, -0.06755218625928891, 0.9696659891480616, 0.234913966424097, -0.36891293840344697, 0, 0, 0, 1], "fov": 50, "aspect": 1}, {"camera_to_world": [-0.9655010589827847, -0.008632861402725902, -0.26025598707257935, -0.12782059722669278, -0.2505650245284484, -0.24127237998147683, 0.9375525623351108, 0.64258197803834, -0.07088634273383924, 0.9704190395710891, 0.23078564524628792, -0.3716568548142431, 0, 0, 0, 1], "fov": 50, "aspect": 1}, {"camera_to_world": [-0.9635622861898248, -0.011056614195966152, -0.26725544319089195, -0.1445594138227711, -0.25702168597621955, -0.2384359645822292, 0.9365298413460638, 0.6426883514419771, -0.0740781585258443, 0.9710952796076519, 0.22690611352089296, -0.3740858339595577, 0, 0, 0, 1], "fov": 50, "aspect": 1}, {"camera_to_world": [-0.9615291952542148, -0.013273152852233124, -0.27438190553887404, -0.16169637969607523, -0.26365351193515113, -0.23584333138683128, 0.9353420490305259, 0.6422865783155893, -0.07712608066045801, 0.9717004406985327, 0.2232707352705097, -0.3762029535564526, 0, 0, 0, 1], "fov": 50, "aspect": 1}, {"camera_to_world": [-0.9594025294396057, -0.015280871668667942, -0.281626137753463, -0.17920217448177317, -0.2704482705147798, -0.2334869416099746, 0.9339922810565325, 0.6413866025675979, -0.0800282417678368, 0.9722398588098856, 0.21987527705697751, -0.3780112913219896, 0, 0, 0, 1], "fov": 50, "aspect": 1}, {"camera_to_world": [-0.9571830848801719, -0.017077546445944117, -0.2889790639936815, -0.1970474778150327, -0.27739430605035775, -0.23135919352357215, 0.9324834167656617, 0.639998368106424, -0.08278249205066315, 0.9727185003789683, 0.21671589242686606, -0.3795139249732305, 0, 0, 0, 1], "fov": 50, "aspect": 1}, {"camera_to_world": [-0.954871722194577, -0.018660406253922544, -0.2964317516589629, -0.2152029693310215, -0.2844804950340501, -0.22945242134594554, 0.9308181531769052, 0.6381318188404892, -0.08538642806877601, 0.9731409844297594, 0.2137891071236664, -0.380713932227237, 0, 0, 0, 1], "fov": 50, "aspect": 1}, {"camera_to_world": [-0.9524693749185758, -0.02002619814678963, -0.30397539576420207, -0.23363932866490755, -0.29169620794203466, -0.22775889378340852, 0.9289990358309287, 0.6357968986782145, -0.08783741864635518, 0.9735116012099412, 0.211091805135115, -0.38161439080107096, 0, 0, 0, 1], "fov": 50, "aspect": 1}, {"camera_to_world": [-0.9499770550833762, -0.021171245536491776, -0.31160130483929266, -0.25232723545185864, -0.29903127621624115, -0.22627081259373572, 0.9270284867320189, 0.6330035515280215, -0.09013262816318107, 0.9738343276608215, 0.20862121562725514, -0.3822183784117942, 0, 0, 0, 1], "fov": 50, "aspect": 1}, {"camera_to_world": [-0.9473958562142866, -0.022091500824340315, -0.31930088822195174, -0.27123736932704234, -0.3064759637479766, -0.22498031146259564, 0.9249088296145423, 0.6297617212983314, -0.09226903745432743, 0.9741128399962306, 0.20637490080368376, -0.3825289727764684, 0, 0, 0, 1], "fov": 50, "aspect": 1}, {"camera_to_world": [-0.944726953981343, -0.022782592797933883, -0.327065644613642, -0.29034040992562676, -0.31402094228731026, -0.22387945541839707, 0.9226423127336788, 0.6260813518975656, -0.09424346251132457, 0.9743505236345725, 0.20435074471826875, -0.38254925161215536, 0, 0, 0, 1], "fov": 50, "aspect": 1}, {"camera_to_world": [-0.9419716046985936, -0.02323986922176746, -0.3348871517692367, -0.30960703688277963, -0.3216572702687423, -0.22296024095583847, 0.9202311293561937, 0.6219723872341456, -0.09605257115152081, 0.9745504806994195, 0.20254694306187987, -0.38228229263591706, 0, 0, 0, 1], "fov": 50, "aspect": 1}, {"camera_to_world": [-0.9391311418398613, -0.023458434983170632, -0.34275705719167726, -0.32900792983366856, -0.3293763746019448, -0.22221459699190416, 0.9176774361058492, 0.6174447712164923, -0.09769289780039139, 0.9747155352777886, 0.2009619939378993, -0.3817311735648152, 0, 0, 0, 1], "fov": 50, "aspect": 1}, {"camera_to_world": [-0.9362069707148348, -0.023433186098893763, -0.350667069703169, -0.34851376841346166, -0.33717003502758514, -0.2216343867386635, 0.9149833692993954, 0.6125084477530273, -0.09916085651329161, 0.9748482366010779, 0.19959468963707244, -0.38089897211591145, 0, 0, 0, 1], "fov": 50, "aspect": 1}, {"camera_to_world": [-0.9332005614291489, -0.02315883984033532, -0.35860895176441304, -0.3680952322573265, -0.3450303706835247, -0.22121141054381274, 0.9121510593926897, 0.6071733607521717, -0.10045275234811143, 0.9749508602911566, 0.19844410941930865, -0.37978876600626776, 0, 0, 0, 1], "fov": 50, "aspect": 1}, {"camera_to_world": [-0.9301134402348294, -0.022629961195867587, -0.3665745124129661, -0.3877230010004311, -0.3529498285669835, -0.22093740972151513, 0.9091826436421256, 0.6014494541223472, -0.10156479118802574, 0.9750254077929563, 0.19750961330809155, -0.3784036329529457, 0, 0, 0, 1], "fov": 50, "aspect": 1}, {"camera_to_world": [-0.9269471793623557, -0.02184098585591571, -0.37455560069102495, -0.40736775427794303, -0.3609211736143361, -0.22080407137198102, 0.9060802770739507, 0.5953466717719748, -0.10249308810365267, 0.9750736040947876, 0.19679083690197083, -0.3767466506730073, 0, 0, 0, 1], "fov": 50, "aspect": 1}, {"camera_to_world": [-0.9237033854120199, -0.02078623987947387, -0.3825440994317475, -0.42700017172503024, -0.3689374801527212, -0.22080303416776237, 0.9028461418430442, 0.588874957609476, -0.10323367433611105, 0.9750968938182415, 0.19628768720702489, -0.37482089688351433, 0, 0, 0, 1], "fov": 50, "aspect": 1}, {"camera_to_world": [-0.920383686369735, -0.019459956178802043, -0.3905319192716216, -0.4465909329768606, -0.3769921245071408, -0.2209258950674246, 0.899482455053043, 0.5820442555432719, -0.10378250297641571, 0.9750964357406793, 0.19600033949402698, -0.3726294493015285, 0, 0, 0, 1], "fov": 50, "aspect": 1}, {"camera_to_world": [-0.91698971730051, -0.017856287941451915, -0.39851099275438184, -0.46611071766860196, -0.3850787785736618, -0.2211642169026655, 0.8959914751012129, 0.5748645094817839, -0.10413545341212019, 0.9750730957947628, 0.19592923518420993, -0.3701753856441115, 0, 0, 0, 1], "fov": 50, "aspect": 1}, {"camera_to_world": [-0.913523104761119, -0.01596931909490954, -0.4064732683895101, -0.4855302054354218, -0.3931914041940746, -0.221509536772733, 0.8923755066039302, 0.5673456633334335, -0.1042883346088989, 0.9750274385710251, 0.19607508076787356, -0.3674617836283253, 0, 0, 0, 1], "fov": 50, "aspect": 1}, {"camera_to_world": [-0.9099854499617319, -0.013793071908495155, -0.4144107045254402, -0.5048200759124881, -0.40132424819026086, -0.22195337516982735, 0.8886369039519143, 0.559497661006642, -0.10423688729267878, 0.9749597173309515, 0.19643884776052933, -0.36449172097123167, 0, 0, 0, 1], "fov": 50, "aspect": 1}, {"camera_to_world": [-0.906378310694142, -0.011321511819258799, -0.4223152628941557, -0.5239510087349688, -0.40947183793780256, -0.22248724575078827, 0.8847780735382554, 0.5513304464098305, -0.10397678509682513, 0.9748698625192774, 0.19702177370172552, -0.36126827538989237, 0, 0, 0, 1], "fov": 50, "aspect": 1}, {"camera_to_world": [-0.902703182031521, -0.008548549563060961, -0.4301789016799114, -0.5428936835380316, -0.41762897737831434, -0.22310266566349285, 0.8808014746966465, 0.5428539634514207, -0.10350363473864332, 0.9747574687450267, 0.1978253642020605, -0.3577945246013692, 0, 0, 0, 1], "fov": 50, "aspect": 1}, {"camera_to_world": [-0.8989614757910833, -0.005468040688491788, -0.43799356796024586, -0.5616187799568444, -0.4257907433887463, -0.22379116633077095, 0.8767096193819092, 0.5340781560398334, -0.10281297528997163, 0.9746217801810825, 0.19885139604408478, -0.3540735463227238, 0, 0, 0, 1], "fov": 50, "aspect": 1}, {"camera_to_world": [-0.8951544987364963, -0.0020737825294639685, -0.44575118936221875, -0.580096977626575, -0.4339524824437101, -0.2245443045900268, 0.8725050706197202, 0.5250129680834903, -0.10190027660783667, 0.974461674311618, 0.20010192134271132, -0.3501084182710182, 0, 0, 0, 1], "fov": 50, "aspect": 1}, {"camera_to_world": [-0.8912834294810589, 0.0016404912880068517, -0.45344366477084724, -0.5982989561823907, -0.4421098075238559, -0.2253536740828619, 0.8681904397472794, 0.5156683434908127, -0.10076093699297177, 0.9742756439353747, 0.2015792727703152, -0.3459022181633141, 0, 0, 0, 1], "fov": 50, "aspect": 1}, {"camera_to_world": [-0.8873492940354603, 0.005681118728343475, -0.461062853919902, -0.6161953952594601, -0.4502585952396528, -0.22621091678553695, 0.8637683824613295, 0.5060542261702219, -0.09939028014642512, 0.9740617773103721, 0.2032860698507742, -0.3414580237166732, 0, 0, 0, 1], "fov": 50, "aspect": 1}, {"camera_to_world": [-0.8833529399250352, 0.010054519539618416, -0.4686005656874787, -0.6337569744929505, -0.4583949831557185, -0.2271077345677769, 0.8592415936843146, 0.496180560030139, -0.09778355149751024, 0.9738177363019835, 0.20522522632516244, -0.3367789126481575, 0, 0, 0, 1], "fov": 50, "aspect": 1}, {"camera_to_world": [-0.8792950087806626, 0.014767207675530662, -0.47604854490995197, -0.65095437351803, -0.4665153673162778, -0.22803590066383989, 0.8546128012534038, 0.4860572889789857, -0.09593591397997533, 0.9735407323712237, 0.2073999585895033, -0.33186796267482865, 0, 0, 0, 1], "fov": 50, "aspect": 1}, {"camera_to_world": [-0.8751759072845344, 0.01982580585991424, -0.4833984575179127, -0.6677582719698661, -0.4746163999875398, -0.22898727093555737, 0.8498847584304318, 0.475694356925183, -0.09384244333754294, 0.9732275002133318, 0.20981379520172025, -0.3267282515137483, 0, 0, 0, 1], "fov": 50, "aspect": 1}, {"camera_to_world": [-0.8709957763266285, 0.02523706220209167, -0.49064187378635105, -0.6841393494836272, -0.48269498764791924, -0.22995379480172065, 0.8450602352234209, 0.4651017077771523, -0.0914981230449506, 0.9728742688280412, 0.21247058745048739, -0.3213628568819785, 0, 0, 0, 1], "fov": 50, "aspect": 1}, {"camera_to_world": [-0.8667544581995358, 0.03100786876472491, -0.4977702494785107, -0.7000682856944804, -0.4907482892722795, -0.23092752570122327, 0.8401420085020401, 0.4542892854433151, -0.08889783893638943, 0.9724767297720706, 0.21537452097279128, -0.31577485649658094, 0, 0, 0, 1], "fov": 50, "aspect": 1}, {"camera_to_world": [-0.8624514616278642, 0.0371452819777523, -0.5047749046483531, -0.7155157602375937, -0.4987737149718836, -0.23190063094813265, 0.8351328508800288, 0.44326703383209254, -0.08603637363991375, 0.9720300023109631, 0.2185301283993627, -0.30996732807461747, 0, 0, 0, 1], "fov": 50, "aspect": 1}, {"camera_to_world": [-0.8580859243932979, 0.04365654478229036, -0.5116469998502596, -0.7304524527481351, -0.5067689250677333, -0.23286540082463503, 0.8300355183270631, 0.4320448968519061, -0.08290840092411568, 0.9715285951511946, 0.22194230299731546, -0.3039433493331497, 0, 0, 0, 1], "fov": 50, "aspect": 1}, {"camera_to_world": [-0.8536565732769245, 0.050549110376667976, -0.518377509486307, -0.7448490428612725, -0.5147318296916271, -0.23381425674170114, 0.8248527364606579, 0.42063281841117695, -0.0795084800723086, 0.970966364393975, 0.2256163132668779, -0.2977059979892395, 0, 0, 0, 1], "fov": 50, "aspect": 1}, {"camera_to_world": [-0.8491616809959527, 0.057830667422601956, -0.5249571920010092, -0.7586762102121734, -0.5226605890268229, -0.23473975827635168, 0.8195871854552721, 0.4090407424183264, -0.075831050409859, 0.9703364673090549, 0.22955781843344183, -0.29125835175994885, 0, 0, 0, 1], "fov": 50, "aspect": 1}, {"camera_to_world": [-0.8445990197615463, 0.06550916655234172, -0.5313765566107079, -0.7719046344360058, -0.5305536143188717, -0.2356346088673267, 0.8142414834906927, 0.397278612781776, -0.07187042612241346, 0.9696313114795538, 0.2337728847566013, -0.2846034883623394, 0, 0, 0, 1], "fov": 50, "aspect": 1}, {"camera_to_world": [-0.8399658110272106, 0.07359284799668045, -0.5376258262296725, -0.7845049951679373, -0.5384095698072489, -0.2364916599163325, 0.8088181686448389, 0.3853563734099467, -0.0676207915169119, 0.9688424988168898, 0.23826800255357647, -0.2777444855134728, 0, 0, 0, 1], "fov": 50, "aspect": 1}, {"camera_to_world": [-0.8352586709316753, 0.08209027012818292, -0.5436948962274093, -0.7964479720431357, -0.5462273757501165, -0.23730391299811768, 0.8033196791171762, 0.37328396821126014, -0.06307619689385555, 0.967960763887702, 0.2430501038044292, -0.27068442093041106, 0, 0, 0, 1], "fov": 50, "aspect": 1}, {"camera_to_world": [-0.8304735508650672, 0.0910103386827108, -0.5495732886216588, -0.8077042446967692, -0.5540062127381601, -0.23806451982728807, 0.7977483316478471, 0.3610713410941376, -0.05823055521878075, 0.9669759059316116, 0.24812658016958097, -0.2634263723302159, 0, 0, 0, 1], "fov": 50, "aspect": 1}, {"camera_to_world": [-0.8256056725004904, 0.10036233638400688, -0.5552501012791952, -0.8182444927640056, -0.5617455275192328, -0.23876677956050027, 0.7921062979742343, 0.348728435967, -0.05307763980389456, 0.9658767138790805, 0.25350530120491976, -0.2559734174299491, 0, 0, 0, 1], "fov": 50, "aspect": 1}, {"camera_to_world": [-0.8206494565327358, 0.1101559526491187, -0.5607139516620667, -0.8280393958800122, -0.5694450405837461, -0.2394041329263755, 0.7863955791408965, 0.3362651967382692, -0.047611083238057836, 0.964650883601801, 0.25919463250453945, -0.24832863394667246, 0, 0, 0, 1], "fov": 50, "aspect": 1}, {"camera_to_world": [-0.8155984442490034, 0.12040131299480313, -0.5659529146207596, -0.8370596336799571, -0.5771047557915823, -0.2399701525684432, 0.7806179774505685, 0.3236915673163664, -0.041824377835702746, 0.9632849265432348, 0.26520345343387003, -0.2404950995974478, 0, 0, 0, 1], "fov": 50, "aspect": 1}, {"camera_to_world": [-0.810445210919986, 0.13110900769435813, -0.5709544536985942, -0.8452758857990081, -0.5847249723549294, -0.24045852885411712, 0.7747750658131952, 0.31101749160971287, -0.03571087791397105, 0.9617640687833554, 0.2715411740342502, -0.23247589209933683, 0, 0, 0, 1], "fov": 50, "aspect": 1}, {"camera_to_world": [-0.8051812698393972, 0.1422901191476236, -0.5757053453744989, -0.8526588318723332, -0.5923062995278787, -0.24086305023963567, 0.7688681542168655, 0.29825291352672995, -0.029263804253833514, 0.9600721394885978, 0.2782177505810503, -0.2242740891694014, 0, 0, 0, 1], "fov": 50, "aspect": 1}, {"camera_to_world": [-0.7997969656511601, 0.1539562473206006, -0.5801915956355758, -0.8591791515350997, -0.5998496743927794, -0.2411775770803598, 0.7628982530092226, 0.28540777697583897, -0.022476251157034017, 0.9581914475847741, 0.28524369915796693, -0.21589276852470318, 0, 0, 0, 1], "fov": 50, "aspect": 1}, {"camera_to_world": [-0.7942813553800175, 0.16611953248083527, -0.5843983482386234, -0.8648075244224758, -0.607356383174832, -0.24139600752964677, 0.7568660326408719, 0.27249202586546095, -0.015341196578797598, 0.9561026453666444, 0.29263010646622684, -0.20733500788230425, 0, 0, 0, 1], "fov": 50, "aspect": 1}, {"camera_to_world": [-0.7886220753159461, 0.17879267429504067, -0.5883097839937713, -0.8695146301696295, -0.614828086559529, -0.241512233867798, 0.7507717794841083, 0.2595156041040178, -0.007851515899407134, 0.9537845776225435, 0.3003886369146939, -0.1986038849592661, 0, 0, 0, 1], "fov": 50, "aspect": 1}, {"camera_to_world": [-0.7828051915864686, 0.1919889461597195, -0.5919090103873672, -0.8732711484117283, -0.6222668495310288, -0.2415200872331691, 0.7446153473019546, 0.2464884555999301, 8.326672684688672e-17, 0.9512141147057075, 0.3085315348301325, -0.18970247747265073, 0, 0, 0, 1], "fov": 50, "aspect": 1}, {"camera_to_world": [-0.7766436102896204, 0.20609224679545357, -0.5952736248206418, -0.8761457780357952, -0.6298836798554827, -0.24140268959969216, 0.73822170877437, 0.23306521389109675, 0.008441116515027908, 0.9482883144196371, 0.31729799918553414, -0.18039045710784657, 0, 0, 0, 1], "fov": 50, "aspect": 1}, {"camera_to_world": [-0.7699095364127586, 0.22148620386031273, -0.5984840576324814, -0.8782393677305016, -0.63790758806904, -0.24110362774398794, 0.7313979421441029, 0.21891495234115618, 0.01769787627460878, 0.9448877722715205, 0.3269157123589077, -0.17044246469976762, 0, 0, 0, 1], "fov": 50, "aspect": 1}, {"camera_to_world": [-0.7625195956688338, 0.23818443258306804, -0.601524764491139, -0.8795708218334886, -0.6463686215271628, -0.2405513107825418, 0.724115095814109, 0.20406927459714044, 0.027775372654814286, 0.9409586829164619, 0.3373800315934589, -0.1598840316897638, 0, 0, 0, 1], "fov": 50, "aspect": 1}, {"camera_to_world": [-0.7543801316032517, 0.2562001784092213, -0.6043774363966146, -0.8801590446823958, -0.6552973082793757, -0.23966501384232702, 0.7163421800381171, 0.18855978430608156, 0.03867886766783138, 0.936441215305606, 0.3486858119753284, -0.14874068951918498, 0, 0, 0, 1], "fov": 50, "aspect": 1}, {"camera_to_world": [-0.745386126425322, 0.2755451368769867, -0.6070209222721212, -0.8800229406148645, -0.6647240268597054, -0.23835343836838055, 0.7080463307816716, 0.17241808511501158, 0.05041319914537831, 0.931269303671829, 0.3608268191120432, -0.13703796962938108, 0, 0, 0, 1], "fov": 50, "aspect": 1}, {"camera_to_world": [-0.7354200416509983, 0.29622798519463034, -0.6094311635661357, -0.8791814139685349, -0.6746781650638294, -0.23651319499363227, 0.6991930221190772, 0.15567578067096252, 0.06298202858076518, 0.925370460616414, 0.373795097204896, -0.12480140346170202, 0, 0, 0, 1], "fov": 50, "aspect": 1}, {"camera_to_world": [-0.7243506101933657, 0.31825255557674403, -0.6115811511004655, -0.8776533690810473, -0.6851870089470472, -0.2340272414916941, 0.6897463396133302, 0.13836447462096638, 0.07638688554129024, 0.9186656416284761, 0.3875802918217619, -0.1120565224574976, 0, 0, 0, 1], "fov": 50, "aspect": 1}, {"camera_to_world": [-0.7120316322903281, 0.3416155693344536, -0.6134409159864282, -0.8754577102900424, -0.6962742927585406, -0.23076332995281157, 0.6796693275355921, 0.1205157706120552, 0.09062595578290539, 0.9110692006304388, 0.4021689294327049, -0.09882885805811781, 0, 0, 0, 1], "fov": 50, "aspect": 1}, {"camera_to_world": [-0.6983008571384101, 0.36630384071676464, -0.6149775680428589, -0.8726133419331606, -0.7079583303654323, -0.22657254706460628, 0.6689244227734896, 0.10216127229126103, 0.10569255123210633, 0.9024889900673604, 0.41754365929953313, -0.0851439417049125, 0, 0, 0, 1], "fov": 50, "aspect": 1}, {"camera_to_world": [-0.6829790727921577, 0.3922908529582575, -0.6161553966437748, -0.8691391683480424, -0.7202496408155213, -0.2212880712694927, 0.6574739876367282, 0.08333258330561583, 0.1215731920822887, 0.8928266775803189, 0.43368246767400254, -0.07102730483923159, 0, 0, 0, 1], "fov": 50, "aspect": 1}, {"camera_to_world": [-0.6658695813480453, 0.41953260983443136, -0.6169360501064026, -0.8650540938723285, -0.7331479782220426, -0.2147243225575983, 0.6452809522456958, 0.06406130730215168, 0.13824522655162602, 0.8819783753515114, 0.4505578794650009, -0.056504478902424965, 0, 0, 0, 1], "fov": 50, "aspect": 1}, {"camera_to_world": [-0.6467583067056631, 0.44796268036071085, -0.6172788103533696, -0.860377022843659, -0.7466386841159307, -0.20667674604626093, 0.6323095745165979, 0.04437904792790061, 0.15567391589105434, 0.86983570842302, 0.4681361685058824, -0.04160099533584251, 0, 0, 0, 1], "fov": 50, "aspect": 1}, {"camera_to_world": [-0.625414868703489, 0.4774863910276034, -0.6171409793459127, -0.8551268595996747, -0.7606883061513054, -0.1969225489450968, 0.6185263216724278, 0.02431740882989458, 0.17380892637967557, 0.8562874844936137, 0.48637660409434164, -0.02634238558083414, 0, 0, 0, 1], "fov": 50, "aspect": 1}, {"camera_to_world": [-0.6015950570415565, 0.5079741913813215, -0.6164783923493661, -0.849322508478016, -0.7752394806736724, -0.18522279831918428, 0.6039008714910299, 0.003907993655165696, 0.19258020393586966, 0.841222167963555, 0.5052307682423107, -0.010754181078749769, 0, 0, 0, 1], "fov": 50, "aspect": 1}, {"camera_to_world": [-0.575045241533568, 0.5392543401827719, -0.6152460701082485, -0.8429828738163233, -0.7902051708626767, -0.17132637468886364, 0.5884072240190963, -0.016817593949254073, 0.2118932706139775, 0.8245314002086364, 0.5246419845365954, 0.005138086729060756, 0, 0, 0, 1], "fov": 50, "aspect": 1}, {"camera_to_world": [-0.5455093417856304, 0.5711052475441613, -0.6133990171594104, -0.8361268599522373, -0.8054625008049927, -0.15497634516939346, 0.5720249052575459, -0.03782775033633266, 0.23162408730867265, 0.8061148359045747, 0.544544904955473, 0.021308886401247517, 0, 0, 0, 1], "fov": 50, "aspect": 1}, {"camera_to_world": [-0.5127390141927517, 0.6032480769591185, -0.6108931665764241, -0.8287733712233982, -0.8208466402516643, -0.13591933786979968, 0.5547402336054148, -0.059090871859038066, 0.2516137844240659, 0.7858865638488552, 0.5648653045192623, 0.0377326864964606, 0, 0, 0, 1], "fov": 50, "aspect": 1}, {"camera_to_world": [-0.4765076433668001, 0.6353405616428652, -0.6076864623671873, -0.8209413119674469, -0.8361454764984608, -0.11391841948594301, 0.5365476081700363, -0.08057535487033829, 0.271663777387013, 0.7637833229608728, 0.5855201342589905, 0.05438395557335015, 0, 0, 0, 1], "fov": 50, "aspect": 1}, {"camera_to_world": [-0.43662847735526394, 0.6669733975363649, -0.6037400597452698, -0.8126495865220236, -0.8510961390110647, -0.08876973943924843, 0.5174507662767023, -0.10224959572320125, 0.2915320478487437, 0.7397745740012197, 0.6064178796328747, 0.0712371621905662, 0, 0, 0, 1], "fov": 50, "aspect": 1}, {"camera_to_world": [-0.39297674356667095, 0.6976709715430414, -0.5990196110996064, -0.8039170992247687, -0.8653847631884996, -0.06032274225697239, 0.49746394684216444, -0.12408199077059498, 0.3109316494937754, 0.7138742061685571, 0.6274592633074217, 0.08826677490675891, 0, 0, 0, 1], "fov": 50, "aspect": 1}, {"camera_to_world": [-0.3455147694875787, 0.7268984376302958, -0.5934965926073882, -0.7947627544133229, -0.8786510869010226, -0.02850302262960596, 0.4766128881898055, -0.14604093636548734, 0.3295327169699502, 0.6861532183642448, 0.6485383175840821, 0.10544726228057838, 0, 0, 0, 1], "fov": 50, "aspect": 1}, {"camera_to_world": [-0.2943180243645891, 0.7540770722580379, -0.5871496143478858, -0.7852054564253265, -0.8904994124772325, 0.006664074123286714, 0.4549355849939455, -0.16809482886084648, 0.34696930254970576, 0.6567521292015923, 0.6695438326781493, 0.12275309287067468, 0, 0, 0, 1], "fov": 50, "aspect": 1}, {"camera_to_world": [-0.23959874323487781, 0.7786092026795393, -0.5799656470369597, -0.7752641095984203, -0.9005169620648404, 0.04503208329998151, 0.43248273087740086, -0.19021206460964027, 0.3628520955896189, 0.6258912213607055, 0.6903611632687824, 0.140158735235698, 0, 0, 0, 1], "fov": 50, "aspect": 1}, {"camera_to_world": [-0.18172272006392715, 0.7999126448594194, -0.571941092776674, -0.7649576182702446, -0.9082995807372773, 0.08631816171414108, 0.4093177819137322, -0.21236103996483663, 0.37678737325586403, 0.59387619547537, 0.7108743488146456, 0.15763865793429832, 0, 0, 0, 1], "fov": 50, "aspect": 1}, {"camera_to_world": [-0.12121444696163035, 0.817462545317593, -0.5630826270190445, -0.7543048867784398, -0.9134831336066938, 0.1300981229849518, 0.3855165923950455, -0.23451015127940367, 0.3884013677420323, 0.5610966631505436, 0.7309684754744517, 0.17516732952512584, 0, 0, 0, 1], "fov": 50, "aspect": 1}, {"camera_to_world": [-0.058746533972445086, 0.83083615239916, -0.5534077453494703, -0.7433248194606464, -0.9157770954140716, 0.17581524543185664, 0.36116659727707734, -0.2566277949063094, 0.39736778462929145, 0.5280154233924385, 0.7505321821204691, 0.19271921856683055, 0, 0, 0, 1], "fov": 50, "aspect": 1}, {"camera_to_world": [0.004888469679995373, 0.8397540539091936, -0.5429449620424366, -0.732036320654505, -0.914995309640078, 0.2228044075315938, 0.33636554419433823, -0.2786823671985215, 0.40343485992269645, 0.4951477808973504, 0.7694601931689409, 0.21026879361806272, 0, 0, 0, 1], "fov": 50, "aspect": 1}, {"camera_to_world": [0.06882237029365361, 0.8441106747523883, -0.5317336270316471, -0.7204582946976562, -0.911078377918415, 0.27033020470991875, 0.311219809316572, -0.3006422645090082, 0.4064476234851341, 0.46303212544116296, 0.7876557497871299, 0.22779052323747231, 0, 0, 0, 1], "fov": 50, "aspect": 1}, {"camera_to_world": [0.13216658376690685, 0.8439879598975473, -0.5198233523836355, -0.7086096459277403, -0.9041031042564786, 0.31763457114146504, 0.28584236230757804, -0.32247588319073744, 0.40636137981996306, 0.43219509803299927, 0.8050328106524987, 0.24525887598370957, 0, 0, 0, 1], "fov": 50, "aspect": 1}, {"camera_to_world": [0.19407043174476285, 0.8396491552379011, -0.5072730661396091, -0.6965092786823979, -0.8942768112580866, 0.3639871099705191, 0.2603504726736217, -0.34415161959667717, 0.4032439117562351, 0.4031162113877195, 0.8215179047032031, 0.2626483204154244, 0, 0, 0, 1], "fov": 50, "aspect": 1}, {"camera_to_world": [0.2537737589730207, 0.8315136295513799, -0.49414973755633407, -0.6841760972992693, -0.8819174942135267, 0.4087306912968237, 0.2348632695679653, -0.3656378700797953, 0.3972661735623074, 0.3761971635489976, 0.8370515405163839, 0.2799333250912671, 0, 0, 0, 1], "fov": 50, "aspect": 1}, {"camera_to_world": [0.3106466258709935, 0.8201174486243343, -0.48052684035013016, -0.6716290061159952, -0.8674236451916768, 0.4513161559284627, 0.20949927723106754, -0.38690303099306, 0.38868353913865605, 0.35174009987470567, 0.8515891078112618, 0.2970883585698877, 0, 0, 0, 1], "fov": 50, "aspect": 1}, {"camera_to_world": [0.36421200496859013, 0.8060667247911163, -0.46648263699872283, -0.658886909470216, -0.8512392478812001, 0.4913226571717384, 0.18437404756730658, -0.40791549868943905, 0.37781127339375237, 0.32993708753976886, 0.8651012426082662, 0.31408788940993615, 0, 0, 0, 1], "fov": 50, "aspect": 1}, {"camera_to_world": [0.4141511192041842, 0.789991081619723, -0.4520983758245785, -0.6459687116995724, -0.8338195380550265, 0.5284632970005246, 0.15959800024134838, -0.42864366952190047, 0.3649983950918467, 0.31087076846277373, 0.8775736646548487, 0.33090638617006285, 0, 0, 0, 1], "fov": 50, "aspect": 1}, {"camera_to_world": [0.4602941366006976, 0.7725031550808391, -0.4374564929237733, -0.6328933171417045, -0.8156018985513411, 0.5625782934550426, 0.13527456084814984, -0.4490559398434123, 0.35060355230725504, 0.2945242589726032, 0.8890065297770162, 0.3475183174089178, 0, 0, 0, 1], "fov": 50, "aspect": 1}, {"camera_to_world": [0.5026006883619636, 0.7541676903849778, -0.4226389036014892, -0.619679630134253, -0.7969843619514093, 0.5936193857986386, 0.11149866191552266, -0.46912070600694245, 0.3349753347083712, 0.2807972926924964, 0.8994133674532414, 0.3638981516851509, 0, 0, 0, 1], "fov": 50, "aspect": 1}, {"camera_to_world": [0.5411350301011673, 0.7354813614696786, -0.40772545435392765, -0.6063465550148583, -0.778312314772563, 0.6216294885429172, 0.08835564298473572, -0.4888063643654587, 0.3184380942519029, 0.26952540864374747, 0.9088196929119863, 0.3800203575574125, 0, 0, 0, 1], "fov": 50, "aspect": 1}, {"camera_to_world": [0.5760399873215272, 0.716862549762826, -0.3927925887210127, -0.5929129961211612, -0.7598725920951921, 0.6467210556474073, 0.06592055798335716, -0.5080813112719296, 0.30128321690586884, 0.2604994451622555, 0.9172613925599443, 0.3958594035843525, 0, 0, 0, 1], "fov": 50, "aspect": 1}, {"camera_to_world": [0.607512640270597, 0.6986492074076421, -0.37791226084915763, -0.5793978577908019, -0.741893376845609, 0.669055646451406, 0.04425787324432306, -0.5269139430793227, 0.2837650600480397, 0.25348338592532, 0.9247829819778085, 0.4113897583246212, 0, 0, 0, 1], "fov": 50, "aspect": 1}, {"camera_to_world": [0.6357834586122799, 0.6811025355755056, -0.36315111150542323, -0.5658200443614211, -0.7245480988951523, 0.6888261644288625, 0.023421519712488365, -0.5452726561406058, 0.2661004437095664, 0.24822943264415445, 0.9314358285071135, 0.4265858903368686, 0, 0, 0, 1], "fov": 50, "aspect": 1}, {"camera_to_world": [0.6610995652518954, 0.6644143185131631, -0.34856990429244467, -0.5521984601706587, -0.7079616838213959, 0.7062423914596476, 0.0034552490694466174, -0.5631258468087473, 0.24847055975412616, 0.24448987271469383, 0.937276417646056, 0.4414222681797449, 0, 0, 0, 1], "fov": 50, "aspect": 1}, {"camera_to_world": [0.683712092340388, 0.6487161346186439, -0.334223206065908, -0.538552009556156, -0.6922178413782218, 0.7215198465660585, -0.015606764205510349, -0.5804419114367148, 0.2310243166101868, 0.24202579965106388, 0.9423647263337372, 0.45587336041190013, 0, 0, 0, 1], "fov": 50, "aspect": 1}, {"camera_to_world": [0.7038671772608893, 0.6340891330276698, -0.3201592855923535, -0.524899596855553, -0.6773664677099931, 0.7348716481061902, -0.033739135018238275, -0.5971892463774768, 0.21388236298693505, 0.24061303411475868, 0.9467627488538061, 0.4699136355919843, 0, 0, 0, 1], "fov": 50, "aspect": 1}, {"camera_to_world": [0.7217999642636465, 0.6205735038249395, -0.3064201983215802, -0.5112601264064904, -0.6634305798266369, 0.7465028976013652, -0.05092435197092095, -0.6133362479840005, 0.19714126239803573, 0.24004572527583912, 0.950533204279001, 0.48351756227864756, 0, 0, 0, 1], "fov": 50, "aspect": 1}, {"camera_to_world": [0.7377309493593047, 0.6081771283581718, -0.2930420224121905, -0.4976525025466087, -0.6504124704884051, 0.7566070683347077, -0.06715178612016628, -0.6288513126092548, 0.1808774850294763, 0.24013813667963468, 0.9537384393645066, 0.49665960903054013, 0, 0, 0, 1], "fov": 50, "aspect": 1}, {"camera_to_world": [0.7518640647529898, 0.5968831600881118, -0.28005521122868193, -0.4840956296135483, -0.6382989618651262, 0.7653639186499698, -0.082416668888427, -0.6437028366062068, 0.16515103213426915, 0.2407250822660402, 0.9564395283304605, 0.5093142444063121, 0, 0, 0, 1], "fov": 50, "aspect": 1}, {"camera_to_world": [0.7643859962236248, 0.5866564647713103, -0.26748502971053356, -0.4706084119449493, -0.6270657581561665, 0.772938519824453, -0.0967190752624094, -0.6578592163278252, 0.1500086121702643, 0.24166140964914498, 0.9586955613546666, 0.5214559369646136, 0, 0, 0, 1], "fov": 50, "aspect": 1}, {"camera_to_world": [0.7754663322440848, 0.5774489591018744, -0.2553520455920976, -0.457209753878453, -0.6166809670806886, 0.7794810672073033, -0.11006293974717608, -0.6712888481270772, 0.13548635501899706, 0.24282085062351108, 0.9605631067796332, 0.5330591552640944, 0, 0, 0, 1], "fov": 50, "aspect": 1}, {"camera_to_world": [0.7852582409696064, 0.5692039478436014, -0.24367265080139455, -0.44391855975169936, -0.607107893648056, 0.7851272177012714, -0.12245512441250242, -0.6839601283569315, 0.1216120901043166, 0.24409448536154885, 0.9620958277409483, 0.5440983678634049, 0, 0, 0, 1], "fov": 50, "aspect": 1}, {"camera_to_world": [0.7938994533971874, 0.5618595870207371, -0.2324595929802292, -0.430753733902329, -0.5983072199102459, 0.7899987606200485, -0.13390455116260977, -0.6958414533703557, 0.10840723453220087, 0.24538900279285986, 0.9633442317310081, 0.5545480433211953, 0, 0, 0, 1], "fov": 50, "aspect": 1}, {"camera_to_world": [0.8015133963867317, 0.5553516072804067, -0.22172250157274265, -0.41773418066798207, -0.590238681092233, 0.7942044808035387, -0.14442140427956945, -0.706901219520318, 0.09588834525168957, 0.24662488715182507, 0.9643555310580442, 0.5643826501961154, 0, 0, 0, 1], "fov": 50, "aspect": 1}, {"camera_to_world": [0.808210369038045, 0.5496154259283274, -0.2114683970739139, -0.40487880438629986, -0.5828623381581225, 0.7978411132163147, -0.1540164043814753, -0.7171078231597863, 0.08406838963744709, 0.24773461938811658, 0.9651735927906396, 0.5735766570468156, 0, 0, 0, 1], "fov": 50, "aspect": 1}, {"camera_to_world": [0.8140886925247071, 0.544587764307933, -0.20170217566873305, -0.39220650939492224, -0.576139533689946, 0.800994318667946, -0.16270015114069392, -0.7264296606417281, 0.0729577852113459, 0.24866095074973105, 0.9658389581857294, 0.5821045324319458, 0, 0, 0, 1], "fov": 50, "aspect": 1}, {"camera_to_world": [0.819235789540592, 0.5402078729144889, -0.1924270645647497, -0.3797362000314898, -0.5700336044225278, 0.8037396326123485, -0.1704825293020612, -0.7348351283191122, 0.06256525365459609, 0.249355282697942, 0.9663889134431155, 0.5899407449101562, 0, 0, 0, 1], "fov": 50, "aspect": 1}, {"camera_to_world": [0.8237291674542666, 0.5364184521711404, -0.18364504582323707, -0.36748678063364326, -0.564510411244524, 0.8061433549336868, -0.17737217057023993, -0.7422926225449059, 0.052898528161371375, 0.24977617073407485, 0.9668575956425967, 0.5970597630400969, 0, 0, 0, 1], "fov": 50, "aspect": 1}, {"camera_to_world": [0.8276372911338519, 0.5331663434010362, -0.1753572484643512, -0.3554771555390227, -0.5595387365782972, 0.8082633596767252, -0.18337596263538897, -0.7487705396720775, 0.0439649473215074, 0.2498879582302053, 0.9672761196982774, 0.6034360553804177, 0, 0, 0, 1], "fov": 50, "aspect": 1}, {"camera_to_world": [0.8310203388119958, 0.5304030528335683, -0.16756431011891232, -0.34372622908526884, -0.5550905900017289, 0.8101498110012642, -0.18849859582009754, -0.754237276053595, 0.035771963495573426, 0.24965953873114258, 0.9676727139628483, 0.6090440904897695, 0, 0, 0, 1], "fov": 50, "aspect": 1}, {"camera_to_world": [0.8339308385207697, 0.528085161730345, -0.1602667105929408, -0.3322529056100222, -0.5511414557552823, 0.8118457761245195, -0.19274213741868917, -0.7586612280424261, 0.0283275892372489, 0.24906324046115674, 0.9680728536318916, 0.6138583369268016, 0, 0, 0, 1], "fov": 50, "aspect": 1}, {"camera_to_world": [0.8364141844132246, 0.5261746679464441, -0.15346508047047616, -0.32107608945092336, -0.5476705102622519, 0.8133877283090145, -0.1961056236454872, -0.7620107919915393, 0.021640801774546164, 0.24807382418899013, 0.9684993822666099, 0.6178532632501642, 0, 0, 0, 1], "fov": 50, "aspect": 1}, {"camera_to_world": [0.8385090322966067, 0.5246392983944974, -0.14716048836945994, -0.31021468494561266, -0.5446608338207806, 0.8148059334983935, -0.19858465911913692, -0.7642543642539019, 0.01572192286778286, 0.24666758464772232, 0.9689726125259672, 0.6210033380185078, 0, 0, 0, 1], "fov": 50, "aspect": 1}, {"camera_to_world": [0.8402475722987958, 0.5234528278631457, -0.14135471073882225, -0.2996875964317307, -0.5420996380552827, 0.8161247132682391, -0.2001710139185148, -0.7653603411824823, 0.010582989478956514, 0.2448215