{
    "keyframes": [
        {
            "matrix": "[-0.03342942472386223,0.9994410805858605,2.7755575615628914e-16,0,-0.24261337422838408,-0.0081149611400968,0.970089118612931,0,0.9695469169710924,0.03242952116610853,0.24274905138596747,0,0.6282351862058281,-0.11110334602152314,-0.39962169160498795,1]",
            "fov": 50,
            "aspect": 1,
            "properties": "[[\"FOV\",50],[\"NAME\",\"Camera 0\"],[\"TIME\",0]]"
        },
        {
            "matrix": "[-0.03342942472386223,0.9994410805858602,1.1102230246251565e-16,0,-0.24261337422838375,-0.008114961140096355,0.970089118612931,0,0.9695469169710924,0.03242952116610848,0.24274905138596714,0,0.23505809145607942,-0.12425438048208254,-0.49806289657045955,1]",
            "fov": 50,
            "aspect": 1,
            "properties": "[[\"FOV\",50],[\"NAME\",\"Camera 1\"],[\"TIME\",0.3333333333333333]]"
        },
        {
            "matrix": "[-0.03342942472386223,0.9994410805858602,5.551115123125783e-17,0,-0.24261337422838353,-0.008114961140096355,0.9700891186129311,0,0.9695469169710924,0.032429521166108644,0.24274905138596703,0,-0.11478422349528544,-0.055882470497444756,-0.49116861805000583,1]",
            "fov": 50,
            "aspect": 1,
            "properties": "[[\"FOV\",50],[\"NAME\",\"Camera 2\"],[\"TIME\",0.6666666666666666]]"
        },
        {
            "matrix": "[-0.03342942472386223,0.99944108058586,0,0,-0.24261337422838375,-0.008114961140096133,0.9700891186129309,0,0.9695469169710922,0.032429521166108866,0.24274905138596736,0,-0.40907945828596115,-0.05601489349258823,-0.49079390288409963,1]",
            "fov": 50,
            "aspect": 1,
            "properties": "[[\"FOV\",50],[\"NAME\",\"Camera 3\"],[\"TIME\",1]]"
        }
    ],
    "camera_type": "perspective",
    "render_height": 1080,
    "render_width": 1920,
    "default_ipd": 0.007,
    "camera_path": [
        {
            "camera_to_world": [
                -0.033429424723862,
                -0.242613374228384,
                0.9695469169710922,
                0.6282351862058281,
                0.9994410805858602,
                -0.008114961140096409,
                0.032429521166108526,
                -0.11110334602152314,
                3.0531133177191805e-16,
                0.9700891186129308,
                0.2427490513859677,
                -0.39962169160498795,
                0,
                0,
                0,
                1
            ],
            "fov": 50,
            "aspect": 1
        },
        {
            "camera_to_world": [
                -0.033429424723862,
                -0.242613374228384,
                0.9695469169710922,
                0.6271841717148212,
                0.9994410805858602,
                -0.008114961140096409,
                0.032429521166108526,
                -0.111139148046724,
                3.0531133177191805e-16,
                0.9700891186129308,
                0.2427490513859677,
                -0.3998856021144704,
                0,
                0,
                0,
                1
            ],
            "fov": 50,
            "aspect": 1
        },
        {
            "camera_to_world": [
                -0.033429424723862,
                -0.242613374228384,
                0.9695469169710922,
                0.6260793823824468,
                0.9994410805858602,
                -0.008114961140096407,
                0.032429521166108526,
                -0.11117802758201746,
                3.0357660829594124e-16,
                0.9700891186129308,
                0.2427490513859677,
                -0.40016448544684274,
                0,
                0,
                0,
                1
            ],
            "fov": 50,
            "aspect": 1
        },
        {
            "camera_to_world": [
                -0.033429424723862,
                -0.242613374228384,
                0.9695469169710922,
                0.6249215033669414,
                0.9994410805858602,
                -0.008114961140096407,
                0.032429521166108526,
                -0.11121993727366279,
                3.0357660829594124e-16,
                0.9700891186129308,
                0.2427490513859677,
                -0.4004581412217855,
                0,
                0,
                0,
                1
            ],
            "fov": 50,
            "aspect": 1
        },
        {
            "camera_to_world": [
                -0.033429424723862,
                -0.242613374228384,
                0.9695469169710922,
                0.6237112198265421,
                0.9994410805858602,
                -0.008114961140096407,
                0.032429521166108526,
                -0.11126482976791936,
                3.0357660829594124e-16,
                0.9700891186129308,
                0.2427490513859677,
                -0.400766369058979,
                0,
                0,
                0,
                1
            ],
            "fov": 50,
            "aspect": 1
        },
        {
            "camera_to_world": [
                -0.033429424723862,
                -0.242613374228384,
                0.9695469169710922,
                0.6224492169194857,
                0.9994410805858602,
                -0.008114961140096405,
                0.032429521166108526,
                -0.11131265771104648,
                3.0184188481996443e-16,
                0.9700891186129308,
                0.2427490513859677,
                -0.4010889685781036,
                0,
                0,
                0,
                1
            ],
            "fov": 50,
            "aspect": 1
        },
        {
            "camera_to_world": [
                -0.033429424723862,
                -0.242613374228384,
                0.9695469169710922,
                0.6211361798040089,
                0.9994410805858602,
                -0.008114961140096405,
                0.032429521166108526,
                -0.11136337374930351,
                3.0184188481996443e-16,
                0.9700891186129308,
                0.2427490513859677,
                -0.40142573939883974,
                0,
                0,
                0,
                1
            ],
            "fov": 50,
            "aspect": 1
        },
        {
            "camera_to_world": [
                -0.033429424723862,
                -0.242613374228384,
                0.9695469169710922,
                0.6197727936383484,
                0.9994410805858602,
                -0.008114961140096405,
                0.032429521166108526,
                -0.11141693052894974,
                3.0184188481996443e-16,
                0.9700891186129308,
                0.2427490513859677,
                -0.4017764811408679,
                0,
                0,
                0,
                1
            ],
            "fov": 50,
            "aspect": 1
        },
        {
            "camera_to_world": [
                -0.03342942472386199,
                -0.242613374228384,
                0.9695469169710922,
                0.6183597435807414,
                0.9994410805858602,
                -0.008114961140096402,
                0.032429521166108526,
                -0.11147328069624451,
                2.983724378680108e-16,
                0.9700891186129308,
                0.2427490513859677,
                -0.4021409934238682,
                0,
                0,
                0,
                1
            ],
            "fov": 50,
            "aspect": 1
        },
        {
            "camera_to_world": [
                -0.03342942472386199,
                -0.242613374228384,
                0.9695469169710922,
                0.6168977147894245,
                0.9994410805858602,
                -0.008114961140096402,
                0.032429521166108526,
                -0.11153237689744719,
                2.983724378680108e-16,
                0.9700891186129308,
                0.2427490513859677,
                -0.40251907586752134,
                0,
                0,
                0,
                1
            ],
            "fov": 50,
            "aspect": 1
        },
        {
            "camera_to_world": [
                -0.03342942472386199,
                -0.242613374228384,
                0.9695469169710922,
                0.6153873924226343,
                0.9994410805858602,
                -0.008114961140096402,
                0.032429521166108526,
                -0.11159417177881706,
                2.983724378680108e-16,
                0.9700891186129308,
                0.2427490513859677,
                -0.40291052809150746,
                0,
                0,
                0,
                1
            ],
            "fov": 50,
            "aspect": 1
        },
        {
            "camera_to_world": [
                -0.03342942472386199,
                -0.242613374228384,
                0.9695469169710922,
                0.613829461638608,
                0.9994410805858602,
                -0.0081149611400964,
                0.032429521166108526,
                -0.11165861798661349,
                2.96637714392034e-16,
                0.9700891186129308,
                0.2427490513859677,
                -0.40331514971550714,
                0,
                0,
                0,
                1
            ],
            "fov": 50,
            "aspect": 1
        },
        {
            "camera_to_world": [
                -0.03342942472386199,
                -0.242613374228384,
                0.9695469169710922,
                0.6122246075955822,
                0.9994410805858602,
                -0.0081149611400964,
                0.032429521166108526,
                -0.11172566816709577,
                2.96637714392034e-16,
                0.9700891186129308,
                0.2427490513859677,
                -0.40373274035920065,
                0,
                0,
                0,
                1
            ],
            "fov": 50,
            "aspect": 1
        },
        {
            "camera_to_world": [
                -0.03342942472386199,
                -0.242613374228384,
                0.9695469169710922,
                0.6105735154517938,
                0.9994410805858602,
                -0.008114961140096398,
                0.032429521166108526,
                -0.11179527496652329,
                2.949029909160572e-16,
                0.9700891186129308,
                0.2427490513859677,
                -0.4041630996422685,
                0,
                0,
                0,
                1
            ],
            "fov": 50,
            "aspect": 1
        },
        {
            "camera_to_world": [
                -0.03342942472386199,
                -0.242613374228384,
                0.9695469169710922,
                0.6088768703654794,
                0.9994410805858602,
                -0.008114961140096397,
                0.032429521166108526,
                -0.11186739103115532,
                2.931682674400804e-16,
                0.9700891186129308,
                0.2427490513859677,
                -0.4046060271843909,
                0,
                0,
                0,
                1
            ],
            "fov": 50,
            "aspect": 1
        },
        {
            "camera_to_world": [
                -0.03342942472386199,
                -0.242613374228384,
                0.9695469169710922,
                0.6071353574948762,
                0.9994410805858602,
                -0.008114961140096397,
                0.032429521166108526,
                -0.11194196900725123,
                2.931682674400804e-16,
                0.9700891186129308,
                0.2427490513859677,
                -0.40506132260524846,
                0,
                0,
                0,
                1
            ],
            "fov": 50,
            "aspect": 1
        },
        {
            "camera_to_world": [
                -0.03342942472386199,
                -0.242613374228384,
                0.9695469169710922,
                0.6053496619982207,
                0.9994410805858602,
                -0.008114961140096395,
                0.032429521166108526,
                -0.11201896154107033,
                2.914335439641036e-16,
                0.9700891186129308,
                0.2427490513859677,
                -0.4055287855245214,
                0,
                0,
                0,
                1
            ],
            "fov": 50,
            "aspect": 1
        },
        {
            "camera_to_world": [
                -0.03342942472386199,
                -0.242613374228384,
                0.9695469169710922,
                0.6035204690337499,
                0.9994410805858602,
                -0.008114961140096393,
                0.032429521166108526,
                -0.11209832127887195,
                2.896988204881268e-16,
                0.9700891186129308,
                0.2427490513859677,
                -0.40600821556189026,
                0,
                0,
                0,
                1
            ],
            "fov": 50,
            "aspect": 1
        },
        {
            "camera_to_world": [
                -0.03342942472386199,
                -0.242613374228384,
                0.9695469169710922,
                0.6016484637597004,
                0.9994410805858602,
                -0.008114961140096393,
                0.032429521166108526,
                -0.11218000086691544,
                2.896988204881268e-16,
                0.9700891186129308,
                0.2427490513859677,
                -0.40649941233703524,
                0,
                0,
                0,
                1
            ],
            "fov": 50,
            "aspect": 1
        },
        {
            "camera_to_world": [
                -0.03342942472386199,
                -0.242613374228384,
                0.9695469169710922,
                0.5997343313343092,
                0.9994410805858602,
                -0.008114961140096391,
                0.032429521166108526,
                -0.11226395295146015,
                2.8796409701215e-16,
                0.9700891186129308,
                0.2427490513859677,
                -0.40700217546963685,
                0,
                0,
                0,
                1
            ],
            "fov": 50,
            "aspect": 1
        },
        {
            "camera_to_world": [
                -0.03342942472386199,
                -0.242613374228384,
                0.9695469169710922,
                0.5977787569158131,
                0.9994410805858602,
                -0.008114961140096391,
                0.032429521166108526,
                -0.11235013017876534,
                2.8796409701215e-16,
                0.9700891186129308,
                0.2427490513859677,
                -0.4075163045793755,
                0,
                0,
                0,
                1
            ],
            "fov": 50,
            "aspect": 1
        },
        {
            "camera_to_world": [
                -0.03342942472386199,
                -0.242613374228384,
                0.9695469169710922,
                0.5957824256624487,
                0.9994410805858602,
                -0.008114961140096391,
                0.032429521166108526,
                -0.1124384851950904,
                2.8796409701215e-16,
                0.9700891186129308,
                0.2427490513859677,
                -0.4080415992859316,
                0,
                0,
                0,
                1
            ],
            "fov": 50,
            "aspect": 1
        },
        {
            "camera_to_world": [
                -0.03342942472386199,
                -0.24261337422838397,
                0.9695469169710922,
                0.5937460227324531,
                0.9994410805858602,
                -0.008114961140096388,
                0.032429521166108526,
                -0.11252897064669465,
                2.8622937353617317e-16,
                0.9700891186129308,
                0.24274905138596767,
                -0.40857785920898537,
                0,
                0,
                0,
                1
            ],
            "fov": 50,
            "aspect": 1
        },
        {
            "camera_to_world": [
                -0.03342942472386199,
                -0.24261337422838397,
                0.9695469169710922,
                0.5916702332840631,
                0.9994410805858602,
                -0.008114961140096388,
                0.032429521166108526,
                -0.1126215391798374,
                2.8622937353617317e-16,
                0.9700891186129308,
                0.24274905138596767,
                -0.4091248839682175,
                0,
                0,
                0,
                1
            ],
            "fov": 50,
            "aspect": 1
        },
        {
            "camera_to_world": [
                -0.03342942472386199,
                -0.24261337422838397,
                0.9695469169710922,
                0.5895557424755153,
                0.9994410805858602,
                -0.008114961140096386,
                0.032429521166108526,
                -0.11271614344077802,
                2.8449465006019636e-16,
                0.9700891186129308,
                0.24274905138596767,
                -0.409682473183308,
                0,
                0,
                0,
                1
            ],
            "fov": 50,
            "aspect": 1
        },
        {
            "camera_to_world": [
                -0.03342942472386198,
                -0.24261337422838397,
                0.9695469169710922,
                0.5874032354650468,
                0.9994410805858602,
                -0.008114961140096386,
                0.03242952116610851,
                -0.1128127360757758,
                2.8796409701215e-16,
                0.9700891186129308,
                0.24274905138596767,
                -0.41025042647393767,
                0,
                0,
                0,
                1
            ],
            "fov": 50,
            "aspect": 1
        },
        {
            "camera_to_world": [
                -0.03342942472386198,
                -0.24261337422838397,
                0.9695469169710922,
                0.5852133974108942,
                0.9994410805858602,
                -0.008114961140096385,
                0.03242952116610851,
                -0.11291126973109009,
                2.8622937353617317e-16,
                0.9700891186129308,
                0.24274905138596767,
                -0.4108285434597866,
                0,
                0,
                0,
                1
            ],
            "fov": 50,
            "aspect": 1
        },
        {
            "camera_to_world": [
                -0.03342942472386198,
                -0.24261337422838397,
                0.9695469169710922,
                0.5829869134712943,
                0.9994410805858602,
                -0.008114961140096385,
                0.03242952116610851,
                -0.11301169705298021,
                2.8622937353617317e-16,
                0.9700891186129308,
                0.24274905138596767,
                -0.4114166237605353,
                0,
                0,
                0,
                1
            ],
            "fov": 50,
            "aspect": 1
        },
        {
            "camera_to_world": [
                -0.03342942472386198,
                -0.24261337422838397,
                0.9695469169710922,
                0.580724468804484,
                0.9994410805858602,
                -0.008114961140096383,
                0.03242952116610851,
                -0.1131139706877055,
                2.8449465006019636e-16,
                0.9700891186129308,
                0.24274905138596767,
                -0.4120144669958641,
                0,
                0,
                0,
                1
            ],
            "fov": 50,
            "aspect": 1
        },
        {
            "camera_to_world": [
                -0.03342942472386198,
                -0.24261337422838397,
                0.9695469169710922,
                0.5784267485687001,
                0.9994410805858602,
                -0.008114961140096381,
                0.03242952116610851,
                -0.1132180432815253,
                2.8275992658421956e-16,
                0.9700891186129308,
                0.24274905138596767,
                -0.4126218727854535,
                0,
                0,
                0,
                1
            ],
            "fov": 50,
            "aspect": 1
        },
        {
            "camera_to_world": [
                -0.03342942472386198,
                -0.24261337422838397,
                0.9695469169710922,
                0.5760944379221794,
                0.9994410805858602,
                -0.00811496114009638,
                0.03242952116610851,
                -0.11332386748069893,
                2.8102520310824275e-16,
                0.9700891186129308,
                0.24274905138596767,
                -0.41323864074898375,
                0,
                0,
                0,
                1
            ],
            "fov": 50,
            "aspect": 1
        },
        {
            "camera_to_world": [
                -0.03342942472386198,
                -0.24261337422838397,
                0.9695469169710922,
                0.5737282220231589,
                0.9994410805858602,
                -0.00811496114009638,
                0.03242952116610851,
                -0.11343139593148573,
                2.8102520310824275e-16,
                0.9700891186129308,
                0.24274905138596767,
                -0.4138645705061354,
                0,
                0,
                0,
                1
            ],
            "fov": 50,
            "aspect": 1
        },
        {
            "camera_to_world": [
                -0.03342942472386197,
                -0.24261337422838397,
                0.9695469169710922,
                0.571328786029875,
                0.9994410805858602,
                -0.008114961140096376,
                0.03242952116610851,
                -0.113540581280145,
                2.7755575615628914e-16,
                0.9700891186129308,
                0.24274905138596767,
                -0.4144994616765887,
                0,
                0,
                0,
                1
            ],
            "fov": 50,
            "aspect": 1
        },
        {
            "camera_to_world": [
                -0.03342942472386197,
                -0.24261337422838397,
                0.9695469169710922,
                0.5688968151005649,
                0.9994410805858602,
                -0.008114961140096376,
                0.03242952116610851,
                -0.11365137617293612,
                2.7755575615628914e-16,
                0.9700891186129308,
                0.24274905138596764,
                -0.4151431138800242,
                0,
                0,
                0,
                1
            ],
            "fov": 50,
            "aspect": 1
        },
        {
            "camera_to_world": [
                -0.03342942472386197,
                -0.24261337422838397,
                0.9695469169710922,
                0.5664329943934653,
                0.9994410805858602,
                -0.008114961140096376,
                0.03242952116610851,
                -0.11376373325611838,
                2.7755575615628914e-16,
                0.9700891186129308,
                0.24274905138596764,
                -0.415795326736122,
                0,
                0,
                0,
                1
            ],
            "fov": 50,
            "aspect": 1
        },
        {
            "camera_to_world": [
                -0.03342942472386197,
                -0.24261337422838397,
                0.9695469169710922,
                0.5639380090668129,
                0.9994410805858602,
                -0.008114961140096372,
                0.03242952116610851,
                -0.11387760517595114,
                2.740863092043355e-16,
                0.9700891186129308,
                0.24274905138596764,
                -0.4164558998645629,
                0,
                0,
                0,
                1
            ],
            "fov": 50,
            "aspect": 1
        },
        {
            "camera_to_world": [
                -0.03342942472386197,
                -0.24261337422838397,
                0.9695469169710922,
                0.5614125442788447,
                0.9994410805858602,
                -0.00811496114009637,
                0.03242952116610851,
                -0.1139929445786937,
                2.723515857283587e-16,
                0.9700891186129308,
                0.24274905138596764,
                -0.4171246328850269,
                0,
                0,
                0,
                1
            ],
            "fov": 50,
            "aspect": 1
        },
        {
            "camera_to_world": [
                -0.03342942472386197,
                -0.24261337422838397,
                0.9695469169710922,
                0.5588572851877973,
                0.9994410805858602,
                -0.00811496114009637,
                0.03242952116610851,
                -0.11410970411060543,
                2.723515857283587e-16,
                0.9700891186129308,
                0.24274905138596764,
                -0.41780132541719467,
                0,
                0,
                0,
                1
            ],
            "fov": 50,
            "aspect": 1
        },
        {
            "camera_to_world": [
                -0.03342942472386197,
                -0.24261337422838397,
                0.9695469169710922,
                0.5562729169519078,
                0.9994410805858602,
                -0.008114961140096367,
                0.03242952116610851,
                -0.11422783641794562,
                2.688821387764051e-16,
                0.9700891186129308,
                0.24274905138596764,
                -0.41848577708074647,
                0,
                0,
                0,
                1
            ],
            "fov": 50,
            "aspect": 1
        },
        {
            "camera_to_world": [
                -0.03342942472386197,
                -0.24261337422838397,
                0.9695469169710922,
                0.5536601247294128,
                0.9994410805858602,
                -0.008114961140096367,
                0.03242952116610851,
                -0.11434729414697363,
                2.688821387764051e-16,
                0.9700891186129308,
                0.24274905138596764,
                -0.4191777874953627,
                0,
                0,
                0,
                1
            ],
            "fov": 50,
            "aspect": 1
        },
        {
            "camera_to_world": [
                -0.03342942472386197,
                -0.24261337422838397,
                0.9695469169710922,
                0.5510195936785492,
                0.9994410805858602,
                -0.008114961140096365,
                0.03242952116610851,
                -0.11446802994394877,
                2.671474153004283e-16,
                0.9700891186129308,
                0.24274905138596764,
                -0.41987715628072386,
                0,
                0,
                0,
                1
            ],
            "fov": 50,
            "aspect": 1
        },
        {
            "camera_to_world": [
                -0.03342942472386197,
                -0.24261337422838397,
                0.9695469169710922,
                0.5483520089575538,
                0.9994410805858602,
                -0.008114961140096364,
                0.03242952116610851,
                -0.11458999645513039,
                2.654126918244515e-16,
                0.9700891186129308,
                0.24274905138596764,
                -0.4205836830565102,
                0,
                0,
                0,
                1
            ],
            "fov": 50,
            "aspect": 1
        },
        {
            "camera_to_world": [
                -0.03342942472386197,
                -0.24261337422838397,
                0.9695469169710922,
                0.5456580557246633,
                0.9994410805858602,
                -0.008114961140096362,
                0.03242952116610851,
                -0.11471314632677783,
                2.636779683484747e-16,
                0.9700891186129308,
                0.24274905138596764,
                -0.42129716744240214,
                0,
                0,
                0,
                1
            ],
            "fov": 50,
            "aspect": 1
        },
        {
            "camera_to_world": [
                -0.03342942472386197,
                -0.24261337422838397,
                0.9695469169710922,
                0.5429384191381147,
                0.9994410805858602,
                -0.00811496114009636,
                0.03242952116610851,
                -0.11483743220515037,
                2.636779683484747e-16,
                0.9700891186129308,
                0.24274905138596764,
                -0.42201740905808016,
                0,
                0,
                0,
                1
            ],
            "fov": 50,
            "aspect": 1
        },
        {
            "camera_to_world": [
                -0.03342942472386196,
                -0.24261337422838397,
                0.9695469169710922,
                0.5401937843561447,
                0.9994410805858602,
                -0.008114961140096359,
                0.032429521166108505,
                -0.11496280673650741,
                2.636779683484747e-16,
                0.9700891186129308,
                0.24274905138596764,
                -0.42274420752322456,
                0,
                0,
                0,
                1
            ],
            "fov": 50,
            "aspect": 1
        },
        {
            "camera_to_world": [
                -0.03342942472386196,
                -0.24261337422838397,
                0.9695469169710922,
                0.5374248365369902,
                0.9994410805858602,
                -0.008114961140096357,
                0.032429521166108505,
                -0.11508922256710821,
                2.6194324487249787e-16,
                0.9700891186129308,
                0.24274905138596764,
                -0.42347736245751577,
                0,
                0,
                0,
                1
            ],
            "fov": 50,
            "aspect": 1
        },
        {
            "camera_to_world": [
                -0.03342942472386196,
                -0.24261337422838397,
                0.9695469169710922,
                0.5346322608388879,
                0.9994410805858602,
                -0.008114961140096355,
                0.032429521166108505,
                -0.11521663234321217,
                2.6020852139652106e-16,
                0.9700891186129308,
                0.24274905138596764,
                -0.42421667348063413,
                0,
                0,
                0,
                1
            ],
            "fov": 50,
            "aspect": 1
        },
        {
            "camera_to_world": [
                -0.03342942472386196,
                -0.24261337422838397,
                0.9695469169710922,
                0.5318167424200747,
                0.9994410805858602,
                -0.008114961140096352,
                0.032429521166108505,
                -0.11534498871107857,
                2.5673907444456745e-16,
                0.9700891186129308,
                0.24274905138596764,
                -0.42496194021226014,
                0,
                0,
                0,
                1
            ],
            "fov": 50,
            "aspect": 1
        },
        {
            "camera_to_world": [
                -0.03342942472386196,
                -0.24261337422838397,
                0.9695469169710922,
                0.5289789664387874,
                0.9994410805858602,
                -0.008114961140096352,
                0.032429521166108505,
                -0.11547424431696676,
                2.5673907444456745e-16,
                0.9700891186129308,
                0.24274905138596764,
                -0.42571296227207406,
                0,
                0,
                0,
                1
            ],
            "fov": 50,
            "aspect": 1
        },
        {
            "camera_to_world": [
                -0.033429424723861956,
                -0.24261337422838397,
                0.9695469169710922,
                0.5261196180532628,
                0.9994410805858602,
                -0.00811496114009635,
                0.032429521166108505,
                -0.11560435180713607,
                2.5500435096859064e-16,
                0.9700891186129308,
                0.24274905138596764,
                -0.4264695392797564,
                0,
                0,
                0,
                1
            ],
            "fov": 50,
            "aspect": 1
        },
        {
            "camera_to_world": [
                -0.033429424723861956,
                -0.24261337422838397,
                0.9695469169710922,
                0.5232393824217377,
                0.9994410805858602,
                -0.008114961140096348,
                0.032429521166108505,
                -0.11573526382784584,
                2.5326962749261384e-16,
                0.9700891186129308,
                0.24274905138596764,
                -0.42723147085498747,
                0,
                0,
                0,
                1
            ],
            "fov": 50,
            "aspect": 1
        },
        {
            "camera_to_world": [
                -0.03342942472386196,
                -0.24261337422838397,
                0.9695469169710922,
                0.5203389447024489,
                0.9994410805858602,
                -0.008114961140096348,
                0.03242952116610851,
                -0.11586693302535539,
                2.5153490401663703e-16,
                0.9700891186129308,
                0.24274905138596764,
                -0.42799855661744773,
                0,
                0,
                0,
                1
            ],
            "fov": 50,
            "aspect": 1
        },
        {
            "camera_to_world": [
                -0.03342942472386196,
                -0.24261337422838397,
                0.9695469169710922,
                0.5174189900536335,
                0.9994410805858602,
                -0.008114961140096346,
                0.03242952116610851,
                -0.11599931204592404,
                2.498001805406602e-16,
                0.9700891186129308,
                0.24274905138596764,
                -0.4287705961868175,
                0,
                0,
                0,
                1
            ],
            "fov": 50,
            "aspect": 1
        },
        {
            "camera_to_world": [
                -0.03342942472386196,
                -0.24261337422838397,
                0.9695469169710922,
                0.5144802036335279,
                0.9994410805858602,
                -0.008114961140096341,
                0.03242952116610851,
                -0.11613235353581115,
                2.445960101127298e-16,
                0.9700891186129308,
                0.24274905138596764,
                -0.42954738918277724,
                0,
                0,
                0,
                1
            ],
            "fov": 50,
            "aspect": 1
        },
        {
            "camera_to_world": [
                -0.03342942472386196,
                -0.24261337422838397,
                0.9695469169710922,
                0.5115232706003691,
                0.9994410805858602,
                -0.008114961140096341,
                0.03242952116610851,
                -0.11626601014127602,
                2.445960101127298e-16,
                0.9700891186129308,
                0.24274905138596764,
                -0.43032873522500725,
                0,
                0,
                0,
                1
            ],
            "fov": 50,
            "aspect": 1
        },
        {
            "camera_to_world": [
                -0.03342942472386196,
                -0.24261337422838397,
                0.9695469169710922,
                0.508548876112394,
                0.9994410805858602,
                -0.00811496114009634,
                0.03242952116610851,
                -0.11640023450857799,
                2.42861286636753e-16,
                0.9700891186129308,
                0.24274905138596764,
                -0.43111443393318805,
                0,
                0,
                0,
                1
            ],
            "fov": 50,
            "aspect": 1
        },
        {
            "camera_to_world": [
                -0.033429424723861956,
                -0.24261337422838397,
                0.9695469169710922,
                0.5055577053278392,
                0.9994410805858602,
                -0.008114961140096338,
                0.032429521166108505,
                -0.11653497928397642,
                2.42861286636753e-16,
                0.9700891186129308,
                0.24274905138596764,
                -0.4319042849269999,
                0,
                0,
                0,
                1
            ],
            "fov": 50,
            "aspect": 1
        },
        {
            "camera_to_world": [
                -0.033429424723861956,
                -0.24261337422838394,
                0.9695469169710922,
                0.5025504434049416,
                0.9994410805858602,
                -0.008114961140096334,
                0.032429521166108505,
                -0.1166701971137306,
                2.393918396847994e-16,
                0.9700891186129308,
                0.2427490513859676,
                -0.4326980878261233,
                0,
                0,
                0,
                1
            ],
            "fov": 50,
            "aspect": 1
        },
        {
            "camera_to_world": [
                -0.033429424723861956,
                -0.24261337422838394,
                0.9695469169710922,
                0.49952777550193816,
                0.9994410805858602,
                -0.008114961140096334,
                0.032429521166108505,
                -0.11680584064409988,
                2.393918396847994e-16,
                0.9700891186129308,
                0.2427490513859676,
                -0.4334956422502385,
                0,
                0,
                0,
                1
            ],
            "fov": 50,
            "aspect": 1
        },
        {
            "camera_to_world": [
                -0.033429424723861956,
                -0.24261337422838394,
                0.9695469169710922,
                0.49649038677706553,
                0.9994410805858602,
                -0.008114961140096333,
                0.032429521166108505,
                -0.11694186252134359,
                2.3765711620882257e-16,
                0.9700891186129308,
                0.2427490513859676,
                -0.4342967478190261,
