{"keyframes": [{"matrix": "[0.8481461483812778,0.5297623155585942,0,0,-0.0012561425777600776,0.002011076397575695,0.9999971888348225,0,0.5297608263092203,-0.8481437641023599,0.0023711437013702596,0,0.7085597315941502,-1.134399691333238,0.003171425407800021,1]", "fov": 50, "aspect": 1, "properties": "[[\"FOV\",50],[\"NAME\",\"Camera 0\"],[\"TIME\",0]]"}, {"matrix": "[0.8481461483812779,0.5297623155585941,0,0,-0.0012561425777600776,0.002011076397575695,0.9999971888348224,0,0.5297608263092202,-0.84814376410236,0.0023711437013702596,0,0.43177823717214314,-0.6912742527302446,0.001932585794597763,1]", "fov": 50, "aspect": 1, "properties": "[[\"FOV\",50],[\"NAME\",\"Camera 1\"],[\"TIME\",1]]"}], "camera_type": "fisheye", "render_height": 1080, "render_width": 1920, "camera_path": [{"camera_to_world": [0.8481461483812778, -0.0012561425777601306, 0.5297608263092203, 0.7085597315941502, 0.5297623155585942, 0.0020110763975758144, -0.8481437641023599, -1.134399691333238, -1.496198998029996e-17, 0.9999971888348225, 0.0023711437013703707, 0.003171425407800021, 0, 0, 0, 1], "fov": 50, "aspect": 1}, {"camera_to_world": [0.8481461483812778, -0.0012561425777601306, 0.5297608263092203, 0.7099116729960425, 0.5297623155585942, 0.0020110763975758144, -0.8481437641023599, -1.136564141048094, -1.496198998029996e-17, 0.9999971888348225, 0.0023711437013703707, 0.0031774765297035643, 0, 0, 0, 1], "fov": 50, "aspect": 1}, {"camera_to_world": [0.8481461483812778, -0.0012561425777601306, 0.5297608263092203, 0.7110862336794639, 0.5297623155585942, 0.0020110763975758144, -0.8481437641023599, -1.1384446053439232, -1.496198998029996e-17, 0.9999971888348225, 0.0023711437013703707, 0.0031827337175288233, 0, 0, 0, 1], "fov": 50, "aspect": 1}, {"camera_to_world": [0.8481461483812778, -0.0012561425777601308, 0.5297608263092203, 0.7120862292113739, 0.5297623155585942, 0.0020110763975758144, -0.8481437641023599, -1.1400455919257901, -1.474514954580286e-17, 0.9999971888348225, 0.0023711437013703707, 0.0031872095734040234, 0, 0, 0, 1], "fov": 50, "aspect": 1}, {"camera_to_world": [0.8481461483812778, -0.0012561425777601308, 0.5297608263092203, 0.7129144751587326, 0.5297623155585942, 0.0020110763975758144, -0.8481437641023599, -1.141371608498758, -1.474514954580286e-17, 0.9999971888348225, 0.0023711437013703707, 0.0031909166994573916, 0, 0, 0, 1], "fov": 50, "aspect": 1}, {"camera_to_world": [0.8481461483812778, -0.0012561425777601308, 0.5297608263092203, 0.7135737870884996, 0.5297623155585942, 0.0020110763975758144, -0.8481437641023599, -1.1424271627678912, -1.474514954580286e-17, 0.9999971888348225, 0.0023711437013703707, 0.003193867697817155, 0, 0, 0, 1], "fov": 50, "aspect": 1}, {"camera_to_world": [0.8481461483812778, -0.0012561425777601308, 0.5297608263092203, 0.714066980567635, 0.5297623155585942, 0.0020110763975758144, -0.8481437641023599, -1.1432167624382534, -1.474514954580286e-17, 0.9999971888348225, 0.0023711437013703707, 0.0031960751706115406, 0, 0, 0, 1], "fov": 50, "aspect": 1}, {"camera_to_world": [0.8481461483812778, -0.0012561425777601308, 0.5297608263092203, 0.7143968711630985, 0.5297623155585942, 0.0020110763975758144, -0.8481437641023599, -1.1437449152149086, -1.474514954580286e-17, 0.9999971888348225, 0.0023711437013703707, 0.003197551719968774, 0, 0, 0, 1], "fov": 50, "aspect": 1}, {"camera_to_world": [0.8481461483812778, -0.0012561425777601308, 0.5297608263092203, 0.71456627444185, 0.5297623155585942, 0.0020110763975758144, -0.8481437641023599, -1.1440161288029211, -1.474514954580286e-17, 0.9999971888348225, 0.0023711437013703707, 0.0031983099480170844, 0, 0, 0, 1], "fov": 50, "aspect": 1}, {"camera_to_world": [0.8481461483812778, -0.0012561425777601308, 0.5297608263092203, 0.7145780059708495, 0.5297623155585942, 0.0020110763975758144, -0.8481437641023599, -1.144034910907354, -1.474514954580286e-17, 0.9999971888348225, 0.0023711437013703707, 0.0031983624568846956, 0, 0, 0, 1], "fov": 50, "aspect": 1}, {"camera_to_world": [0.8481461483812778, -0.0012561425777601306, 0.5297608263092203, 0.7144348813170567, 0.5297623155585942, 0.0020110763975758144, -0.8481437641023599, -1.1438057692332717, -1.496198998029996e-17, 0.9999971888348225, 0.0023711437013703707, 0.003197721848699836, 0, 0, 0, 1], "fov": 50, "aspect": 1}, {"camera_to_world": [0.8481461483812778, -0.0012561425777601308, 0.5297608263092203, 0.7141397160474314, 0.5297623155585942, 0.0020110763975758144, -0.8481437641023599, -1.1433332114857382, -1.474514954580286e-17, 0.9999971888348225, 0.0023711437013703707, 0.0031964007255907314, 0, 0, 0, 1], "fov": 50, "aspect": 1}, {"camera_to_world": [0.8481461483812778, -0.0012561425777601308, 0.5297608263092203, 0.7136953257289335, 0.5297623155585942, 0.0020110763975758144, -0.8481437641023599, -1.1426217453698169, -1.474514954580286e-17, 0.9999971888348225, 0.0023711437013703707, 0.0031944116896856097, 0, 0, 0, 1], "fov": 50, "aspect": 1}, {"camera_to_world": [0.8481461483812778, -0.0012561425777601306, 0.5297608263092203, 0.713104525928523, 0.5297623155585942, 0.0020110763975758144, -0.8481437641023599, -1.1416758785905723, -1.496198998029996e-17, 0.9999971888348225, 0.0023711437013703707, 0.003191767343112697, 0, 0, 0, 1], "fov": 50, "aspect": 1}, {"camera_to_world": [0.8481461483812778, -0.0012561425777601308, 0.5297608263092203, 0.7123701322131598, 0.5297623155585942, 0.0020110763975758144, -0.8481437641023599, -1.140500118853068, -1.474514954580286e-17, 0.9999971888348225, 0.0023711437013703707, 0.0031884802880002205, 0, 0, 0, 1], "fov": 50, "aspect": 1}, {"camera_to_world": [0.8481461483812778, -0.0012561425777601306, 0.5297608263092203, 0.7114949601498034, 0.5297623155585942, 0.0020110763975758144, -0.8481437641023599, -1.1390989738623682, -1.496198998029996e-17, 0.9999971888348225, 0.0023711437013703707, 0.0031845631264764062, 0, 0, 0, 1], "fov": 50, "aspect": 1}, {"camera_to_world": [0.8481461483812778, -0.0012561425777601306, 0.5297608263092203, 0.7104818253054141, 0.5297623155585942, 0.0020110763975758144, -0.8481437641023599, -1.1374769513235365, -1.496198998029996e-17, 0.9999971888348225, 0.0023711437013703707, 0.003180028460669481, 0, 0, 0, 1], "fov": 50, "aspect": 1}, {"camera_to_world": [0.8481461483812778, -0.0012561425777601306, 0.5297608263092203, 0.7093335432469515, 0.5297623155585942, 0.002011076397575815, -0.8481437641023599, -1.135638558941637, -1.5178830414797062e-17, 0.9999971888348225, 0.0023711437013703707, 0.0031748888927076724, 0, 0, 0, 1], "fov": 50, "aspect": 1}, {"camera_to_world": [0.8481461483812778, -0.0012561425777601306, 0.5297608263092203, 0.7080529295413754, 0.5297623155585942, 0.002011076397575815, -0.8481437641023599, -1.1335883044217334, -1.5178830414797062e-17, 0.9999971888348225, 0.0023711437013703707, 0.0031691570247192064, 0, 0, 0, 1], "fov": 50, "aspect": 1}, {"camera_to_world": [0.8481461483812778, -0.0012561425777601306, 0.5297608263092203, 0.7066427997556459, 0.5297623155585942, 0.0020110763975758144, -0.8481437641023599, -1.13133069546889, -1.496198998029996e-17, 0.9999971888348225, 0.0023711437013703707, 0.0031628454588323095, 0, 0, 0, 1], "fov": 50, "aspect": 1}, {"camera_to_world": [0.8481461483812778, -0.0012561425777601306, 0.5297608263092203, 0.7051059694567228, 0.5297623155585942, 0.0020110763975758144, -0.8481437641023599, -1.12887023978817, -1.496198998029996e-17, 0.9999971888348225, 0.0023711437013703707, 0.00315596679717521, 0, 0, 0, 1], "fov": 50, "aspect": 1}, {"camera_to_world": [0.8481461483812778, -0.0012561425777601306, 0.5297608263092203, 0.7034452542115658, 0.5297623155585942, 0.002011076397575815, -0.8481437641023599, -1.126211445084638, -1.5178830414797062e-17, 0.9999971888348225, 0.0023711437013703707, 0.0031485336418761328, 0, 0, 0, 1], "fov": 50, "aspect": 1}, {"camera_to_world": [0.8481461483812778, -0.0012561425777601306, 0.5297608263092203, 0.7016634695871349, 0.5297623155585942, 0.002011076397575815, -0.8481437641023599, -1.1233588190633579, -1.5178830414797062e-17, 0.9999971888348225, 0.0023711437013703707, 0.003140558595063306, 0, 0, 0, 1], "fov": 50, "aspect": 1}, {"camera_to_world": [0.8481461483812778, -0.0012561425777601306, 0.5297608263092203, 0.6997634311503899, 0.5297623155585942, 0.002011076397575815, -0.8481437641023599, -1.1203168694293932, -1.5178830414797062e-17, 0.9999971888348225, 0.0023711437013703707, 0.003132054258864955, 0, 0, 0, 1], "fov": 50, "aspect": 1}, {"camera_to_world": [0.8481461483812778, -0.0012561425777601303, 0.5297608263092203, 0.6977479544682905, 0.5297623155585942, 0.002011076397575815, -0.8481437641023599, -1.1170901038878087, -1.5395670849294163e-17, 0.9999971888348225, 0.0023711437013703707, 0.003123033235409308, 0, 0, 0, 1], "fov": 50, "aspect": 1}, {"camera_to_world": [0.8481461483812778, -0.0012561425777601301, 0.5297608263092203, 0.6956198551077969, 0.5297623155585942, 0.002011076397575815, -0.8481437641023599, -1.1136830301436669, -1.5612511283791264e-17, 0.9999971888348225, 0.0023711437013703707, 0.0031135081268245904, 0, 0, 0, 1], "fov": 50, "aspect": 1}, {"camera_to_world": [0.8481461483812778, -0.00125614257776013, 0.5297608263092203, 0.6933819486358688, 0.5297623155585942, 0.0020110763975758152, -0.8481437641023599, -1.110100155902033, -1.6046192152785466e-17, 0.9999971888348225, 0.0023711437013703707, 0.0031034915352390305, 0, 0, 0, 1], "fov": 50, "aspect": 1}, {"camera_to_world": [0.8481461483812778, -0.0012561425777601303, 0.5297608263092203, 0.6910370506194659, 0.5297623155585942, 0.002011076397575815, -0.8481437641023599, -1.1063459888679696, -1.5395670849294163e-17, 0.9999971888348225, 0.0023711437013703707, 0.0030929960627808536, 0, 0, 0, 1], "fov": 50, "aspect": 1}, {"camera_to_world": [0.8481461483812778, -0.0012561425777601301, 0.5297608263092203, 0.6885879766255484, 0.5297623155585942, 0.002011076397575815, -0.8481437641023599, -1.102425036746542, -1.5612511283791264e-17, 0.9999971888348225, 0.0023711437013703707, 0.003082034311578287, 0, 0, 0, 1], "fov": 50, "aspect": 1}, {"camera_to_world": [0.8481461483812778, -0.00125614257776013, 0.5297608263092203, 0.6860375422210758, 0.5297623155585942, 0.0020110763975758152, -0.8481437641023599, -1.0983418072428133, -1.6046192152785466e-17, 0.9999971888348225, 0.0023711437013703707, 0.003070618883759558, 0, 0, 0, 1], "fov": 50, "aspect": 1}, {"camera_to_world": [0.8481461483812778, -0.00125614257776013, 0.5297608263092203, 0.6833885629730082, 0.5297623155585942, 0.0020110763975758152, -0.8481437641023599, -1.0941008080618475, -1.6046192152785466e-17, 0.9999971888348225, 0.0023711437013703707, 0.003058762381452892, 0, 0, 0, 1], "fov": 50, "aspect": 1}, {"camera_to_world": [0.8481461483812778, -0.0012561425777601295, 0.5297608263092203, 0.6806438544483053, 0.5297623155585942, 0.0020110763975758152, -0.8481437641023599, -1.0897065469087086, -1.6263032587282567e-17, 0.9999971888348225, 0.0023711437013703707, 0.0030464774067865165, 0, 0, 0, 1], "fov": 50, "aspect": 1}, {"camera_to_world": [0.8481461483812778, -0.0012561425777601295, 0.5297608263092203, 0.6778062322139271, 0.5297623155585942, 0.0020110763975758152, -0.8481437641023599, -1.085163531488461, -1.6263032587282567e-17, 0.9999971888348225, 0.0023711437013703707, 0.0030337765618886595, 0, 0, 0, 1], "fov": 50, "aspect": 1}, {"camera_to_world": [0.8481461483812778, -0.0012561425777601293, 0.5297608263092203, 0.6748785118368336, 0.5297623155585942, 0.0020110763975758152, -0.8481437641023599, -1.0804762695061676, -1.6479873021779667e-17, 0.9999971888348225, 0.0023711437013703707, 0.0030206724488875455, 0, 0, 0, 1], "fov": 50, "aspect": 1}, {"camera_to_world": [0.8481461483812779, -0.001256142577760129, 0.5297608263092203, 0.6718635088839843, 0.5297623155585942, 0.0020110763975758152, -0.8481437641023601, -1.075649268666893, -1.6479873021779667e-17, 0.9999971888348224, 0.002371143701370371, 0.0030071776699114026, 0, 0, 0, 1], "fov": 50, "aspect": 1}, {"camera_to_world": [0.8481461483812779, -0.001256142577760129, 0.5297608263092203, 0.668764038922339, 0.5297623155585942, 0.0020110763975758152, -0.8481437641023601, -1.0706870366757013, -1.6479873021779667e-17, 0.9999971888348224, 0.002371143701370371, 0.002993304827088457, 0, 0, 0, 1], "fov": 50, "aspect": 1}, {"camera_to_world": [0.8481461483812779, -0.001256142577760129, 0.5297608263092203, 0.665582917518858, 0.5297623155585942, 0.0020110763975758152, -0.8481437641023601, -1.0655940812376559, -1.6479873021779667e-17, 0.9999971888348224, 0.002371143701370371, 0.002979066522546936, 0, 0, 0, 1], "fov": 50, "aspect": 1}, {"camera_to_world": [0.8481461483812779, -0.001256142577760129, 0.5297608263092203, 0.6623229602405011, 0.5297623155585942, 0.0020110763975758157, -0.8481437641023601, -1.0603749100578208, -1.6696713456276768e-17, 0.9999971888348224, 0.002371143701370371, 0.002964475358415066, 0, 0, 0, 1], "fov": 50, "aspect": 1}, {"camera_to_world": [0.8481461483812779, -0.0012561425777601288, 0.5297608263092203, 0.6589869826542277, 0.5297623155585942, 0.0020110763975758157, -0.8481437641023601, -1.05503403084126, -1.691355389077387e-17, 0.9999971888348224, 0.002371143701370371, 0.002949543936821074, 0, 0, 0, 1], "fov": 50, "aspect": 1}, {"camera_to_world": [0.8481461483812779, -0.0012561425777601288, 0.5297608263092203, 0.655577800326998, 0.5297623155585942, 0.0020110763975758157, -0.8481437641023601, -1.0495759512930378, -1.691355389077387e-17, 0.9999971888348224, 0.002371143701370371, 0.0029342848598931863, 0, 0, 0, 1], "fov": 50, "aspect": 1}, {"camera_to_world": [0.8481461483812779, -0.0012561425777601286, 0.5297608263092203, 0.6520982288257721, 0.5297623155585942, 0.0020110763975758157, -0.8481437641023601, -1.0440051791182177, -1.713039432527097e-17, 0.9999971888348224, 0.002371143701370371, 0.00291871072975963, 0, 0, 0, 1], "fov": 50, "aspect": 1}, {"camera_to_world": [0.8481461483812779, -0.0012561425777601286, 0.5297608263092203, 0.6485510837175094, 0.5297623155585942, 0.0020110763975758157, -0.8481437641023601, -1.0383262220218634, -1.713039432527097e-17, 0.9999971888348224, 0.002371143701370371, 0.0029028341485486317, 0, 0, 0, 1], "fov": 50, "aspect": 1}, {"camera_to_world": [0.8481461483812779, -0.0012561425777601282, 0.5297608263092203, 0.6449391805691699, 0.5297623155585942, 0.002011076397575816, -0.8481437641023601, -1.0325435877090392, -1.7564075194265172e-17, 0.9999971888348224, 0.002371143701370371, 0.002886667718388418, 0, 0, 0, 1], "fov": 50, "aspect": 1}, {"camera_to_world": [0.8481461483812779, -0.0012561425777601282, 0.5297608263092203, 0.6412653349477134, 0.5297623155585942, 0.002011076397575816, -0.8481437641023601, -1.0266617838848087, -1.7564075194265172e-17, 0.9999971888348224, 0.002371143701370371, 0.002870224041407216, 0, 0, 0, 1], "fov": 50, "aspect": 1}, {"camera_to_world": [0.8481461483812779, -0.0012561425777601282, 0.5297608263092203, 0.6375323624200999, 0.5297623155585942, 0.002011076397575816, -0.8481437641023601, -1.0206853182542361, -1.7564075194265172e-17, 0.9999971888348224, 0.002371143701370371, 0.0028535157197332526, 0, 0, 0, 1], "fov": 50, "aspect": 1}, {"camera_to_world": [0.8481461483812779, -0.001256142577760128, 0.5297608263092203, 0.6337430785532895, 0.5297623155585942, 0.0020110763975758165, -0.8481437641023601, -1.0146186985223855, -1.7997756063259374e-17, 0.9999971888348224, 0.002371143701370371, 0.0028365553554947536, 0, 0, 0, 1], "fov": 50, "aspect": 1}, {"camera_to_world": [0.8481461483812779, -0.001256142577760128, 0.5297608263092203, 0.6299002989142414, 0.5297623155585942, 0.002011076397575816, -0.8481437641023601, -1.0084664323943202, -1.7780915628762273e-17, 0.9999971888348224, 0.002371143701370371, 0.002819355550819947, 0, 0, 0, 1], "fov": 50, "aspect": 1}, {"camera_to_world": [0.8481461483812779, -0.0012561425777601277, 0.5297608263092203, 0.6260068390699159, 0.5297623155585942, 0.0020110763975758165, -0.8481437641023601, -1.0022330275751046, -1.8214596497756474e-17, 0.9999971888348224, 0.002371143701370371, 0.0028019289078370585, 0, 0, 0, 1], "fov": 50, "aspect": 1}, {"camera_to_world": [0.8481461483812779, -0.0012561425777601277, 0.5297608263092203, 0.622065514587273, 0.5297623155585942, 0.0020110763975758165, -0.8481437641023601, -0.9959229917698025, -1.8214596497756474e-17, 0.9999971888348224, 0.002371143701370371, 0.0027842880286743157, 0, 0, 0, 1], "fov": 50, "aspect": 1}, {"camera_to_world": [0.8481461483812779, -0.0012561425777601275, 0.5297608263092203, 0.6180791410332722, 0.5297623155585942, 0.0020110763975758165, -0.8481437641023601, -0.9895408326834777, -1.8431436932253575e-17, 0.9999971888348224, 0.002371143701370371, 0.002766445515459945, 0, 0, 0, 1], "fov": 50, "aspect": 1}, {"camera_to_world": [0.8481461483812779, -0.0012561425777601273, 0.5297608263092203, 0.6140505339748734, 0.5297623155585942, 0.0020110763975758165, -0.8481437641023601, -0.9830910580211941, -1.8648277366750676e-17, 0.9999971888348224, 0.002371143701370371, 0.0027484139703221723, 0, 0, 0, 1], "fov": 50, "aspect": 1}, {"camera_to_world": [0.8481461483812779, -0.0012561425777601273, 0.5297608263092203, 0.6099825089790368, 0.5297623155585942, 0.0020110763975758165, -0.8481437641023601, -0.9765781754880157, -1.8648277366750676e-17, 0.9999971888348224, 0.002371143701370371, 0.0027302059953892258, 0, 0, 0, 1], "fov": 50, "aspect": 1}, {"camera_to_world": [0.8481461483812779, -0.001256142577760127, 0.5297608263092203, 0.605877881612722, 0.5297623155585942, 0.0020110763975758165, -0.8481437641023601, -0.9700066927890066, -1.8865117801247777e-17, 0.9999971888348224, 0.002371143701370371, 0.002711834192789331, 0, 0, 0, 1], "fov": 50, "aspect": 1}, {"camera_to_world": [0.8481461483812779, -0.0012561425777601269, 0.5297608263092203, 0.6017394674428889, 0.5297623155585942, 0.002011076397575817, -0.8481437641023601, -0.9633811176292304, -1.9081958235744878e-17, 0.9999971888348224, 0.002371143701370371, 0.0026933111646507157, 0, 0, 0, 1], "fov": 50, "aspect": 1}, {"camera_to_world": [0.8481461483812779, -0.0012561425777601269, 0.5297608263092203, 0.5975700820364973, 0.5297623155585942, 0.002011076397575817, -0.8481437641023601, -0.9567059577137514, -1.9081958235744878e-17, 0.9999971888348224, 0.002371143701370371, 0.0026746495131016058, 0, 0, 0, 1], "fov": 50, "aspect": 1}, {"camera_to_world": [0.8481461483812779, -0.0012561425777601269, 0.5297608263092203, 0.593372540960507, 0.5297623155585942, 0.002011076397575817, -0.8481437641023601, -0.9499857207476329, -1.9081958235744878e-17, 0.9999971888348224, 0.002371143701370371, 0.002655861840270229, 0, 0, 0, 1], "fov": 50, "aspect": 1}, {"camera_to_world": [0.8481461483812779, -0.0012561425777601267, 0.5297608263092203, 0.589149659781878, 0.5297623155585942, 0.0020110763975758174, -0.8481437641023601, -0.9432249144359397, -1.951563910473908e-17, 0.9999971888348224, 0.002371143701370371, 0.002636960748284811, 0, 0, 0, 1], "fov": 50, "aspect": 1}, {"camera_to_world": [0.8481461483812779, -0.0012561425777601264, 0.5297608263092203, 0.5849042540675703, 0.5297623155585942, 0.0020110763975758174, -0.8481437641023601, -0.9364280464837347, -1.973247953923618e-17, 0.9999971888348224, 0.002371143701370371, 0.002617958839273579, 0, 0, 0, 1], "fov": 50, "aspect": 1}, {"camera_to_world": [0.8481461483812779, -0.0012561425777601262, 0.5297608263092203, 0.5806391393845435, 0.5297623155585942, 0.0020110763975758174, -0.8481437641023601, -0.9295996245960826, -1.9949319973733282e-17, 0.9999971888348224, 0.002371143701370371, 0.00259886871536476, 0, 0, 0, 1], "fov": 50, "aspect": 1}, {"camera_to_world": [0.848146148381278, -0.0012561425777601264, 0.5297608263092202, 0.5763571312997574, 0.5297623155585941, 0.0020110763975758174, -0.8481437641023601, -0.9227441564780466, -1.951563910473908e-17, 0.9999971888348225, 0.002371143701370371, 0.0025797029786865803, 0, 0, 0, 1], "fov": 50, "aspect": 1}, {"camera_to_world": [0.848146148381278, -0.001256142577760126, 0.5297608263092202, 0.5720610453801721, 0.5297623155585941, 0.0020110763975758174, -0.8481437641023601, -0.9158661498346914, -1.9949319973733282e-17, 0.9999971888348225, 0.002371143701370371, 0.002560474231367267, 0, 0, 0, 1], "fov": 50, "aspect": 1}, {"camera_to_world": [0.848146148381278, -0.0012561425777601256, 0.5297608263092202, 0.5677536971927474, 0.5297623155585941, 0.0020110763975758174, -0.8481437641023601, -0.9089701123710804, -2.0166160408230382e-17, 0.9999971888348225, 0.002371143701370371, 0.0025411950755350465, 0, 0, 0, 1], "fov": 50, "aspect": 1}, {"camera_to_world": [0.848146148381278, -0.0012561425777601256, 0.5297608263092202, 0.563437902304443, 0.5297623155585941, 0.0020110763975758174, -0.8481437641023601, -0.9020605517922775, -2.0166160408230382e-17, 0.9999971888348225, 0.002371143701370371, 0.002521878113318146, 0, 0, 0, 1], "fov": 50, "aspect": 1}, {"camera_to_world": [0.848146148381278, -0.0012561425777601256, 0.5297608263092202, 0.5591164762822189, 0.5297623155585941, 0.002011076397575818, -0.8481437641023601, -0.895141975803347, -2.0383000842727483e-17, 0.9999971888348225, 0.002371143701370371, 0.002502535946844792, 0, 0, 0, 1], "fov": 50, "aspect": 1}, {"camera_to_world": [0.848146148381278, -0.0012561425777601254, 0.5297608263092202, 0.5547922346930352, 0.5297623155585941, 0.0020110763975758183, -0.8481437641023601, -0.8882188921093527, -2.0816681711721685e-17, 0.9999971888348225, 0.002371143701370371, 0.002483181178243211, 0, 0, 0, 1], "fov": 50, "aspect": 1}, {"camera_to_world": [0.848146148381278, -0.0012561425777601251, 0.5297608263092202, 0.5504679931038513, 0.5297623155585941, 0.0020110763975758183, -0.8481437641023601, -0.881295808415358, -2.1033522146218786e-17, 0.9999971888348225, 0.002371143701370371, 0.0024638264096416306, 0, 0, 0, 1], "fov": 50, "aspect": 1}, {"camera_to_world": [0.848146148381278, -0.001256142577760125, 0.5297608263092202, 0.5461465670816272, 0.5297623155585941, 0.0020110763975758183, -0.8481437641023601, -0.8743772324264276, -2.1250362580715887e-17, 0.9999971888348225, 0.002371143701370371, 0.0024444842431682766, 0, 0, 0, 1], "fov": 50, "aspect": 1}, {"camera_to_world": [0.8481461483812779, -0.001256142577760125, 0.5297608263092203, 0.541830772193323, 0.5297623155585942, 0.0020110763975758183, -0.8481437641023601, -0.867467671847625, -2.1467203015212988e-17, 0.9999971888348224, 0.002371143701370371, 0.0024251672809513757, 0, 0, 0, 1], "fov": 50, "aspect": 1}, {"camera_to_world": [0.8481461483812779, -0.001256142577760125, 0.5297608263092203, 0.5375234240058981, 0.5297623155585942, 0.0020110763975758183, -0.8481437641023601, -0.8605716343840139, -2.1467203015212988e-17, 0.9999971888348224, 0.002371143701370371, 0.002405888125119155, 0, 0, 0, 1], "fov": 50, "aspect": 1}, {"camera_to_world": [0.8481461483812779, -0.0012561425777601247, 0.5297608263092203, 0.5332273380863131, 0.5297623155585942, 0.0020110763975758183, -0.8481437641023601, -0.8536936277406588, -2.168404344971009e-17, 0.9999971888348224, 0.002371143701370371, 0.002386659377799842, 0, 0, 0, 1], "fov": 50, "aspect": 1}, {"camera_to_world": [0.8481461483812779, -0.0012561425777601245, 0.5297608263092203, 0.528945330001527, 0.5297623155585942, 0.0020110763975758183, -0.8481437641023601, -0.8468381596226229, -2.190088388420719e-17, 0.9999971888348224, 0.002371143701370371, 0.0023674936411216627, 0, 0, 0, 1], "fov": 50, "aspect": 1}, {"camera_to_world": [0.8481461483812779, -0.0012561425777601243, 0.5297608263092203, 0.5246802153185001, 0.5297623155585942, 0.0020110763975758183, -0.8481437641023601, -0.8400097377349707, -2.211772431870429e-17, 0.9999971888348224, 0.002371143701370371, 0.0023484035172128435, 0, 0, 0, 1], "fov": 50, "aspect": 1}, {"camera_to_world": [0.8481461483812779, -0.001256142577760124, 0.5297608263092203, 0.5204348096041923, 0.5297623155585942, 0.0020110763975758183, -0.8481437641023601, -0.8332128697827659, -2.211772431870429e-17, 0.9999971888348224, 0.002371143701370371, 0.0023294016082016115, 0, 0, 0, 1], "fov": 50, "aspect": 1}, {"camera_to_world": [0.8481461483812779, -0.001256142577760124, 0.5297608263092203, 0.5162119284255633, 0.5297623155585942, 0.0020110763975758183, -0.8481437641023601, -0.8264520634710723, -2.211772431870429e-17, 0.9999971888348224, 0.002371143701370371, 0.0023105005162161935, 0, 0, 0, 1], "fov": 50, "aspect": 1}, {"camera_to_world": [0.8481461483812779, -0.0012561425777601238, 0.5297608263092203, 0.512014387349573, 0.5297623155585942, 0.0020110763975758187, -0.8481437641023601, -0.8197318265049539, -2.2551405187698492e-17, 0.9999971888348224, 0.002371143701370371, 0.002291712843384817, 0, 0, 0, 1], "fov": 50, "aspect": 1}, {"camera_to_world": [0.8481461483812779, -0.0012561425777601238, 0.5297608263092203, 0.5078450019431814, 0.5297623155585942, 0.0020110763975758187, -0.8481437641023601, -0.8130566665894747, -2.2551405187698492e-17, 0.9999971888348224, 0.002371143701370371, 0.002273051191835707, 0, 0, 0, 1], "fov": 50, "aspect": 1}, {"camera_to_world": [0.848146148381278, -0.0012561425777601238, 0.5297608263092202, 0.5037065877733483, 0.5297623155585941, 0.002011076397575819, -0.8481437641023601, -0.8064310914296986, -2.2551405187698492e-17, 0.9999971888348225, 0.002371143701370371, 0.002254528163697091, 0, 0, 0, 1], "fov": 50, "aspect": 1}, {"camera_to_world": [0.848146148381278, -0.0012561425777601234, 0.5297608263092202, 0.4996019604070335, 0.5297623155585941, 0.002011076397575819, -0.8481437641023601, -0.7998596087306894, -2.2985086056692694e-17, 0.9999971888348225, 0.002371143701370371, 0.002236156361097197, 0, 0, 0, 1], "fov": 50, "aspect": 1}, {"camera_to_world": [0.848146148381278, -0.0012561425777601236, 0.5297608263092202, 0.4955339354111967, 0.5297623155585941, 0.002011076397575819, -0.8481437641023601, -0.7933467261975111, -2.2768245622195593e-17, 0.9999971888348225, 0.002371143701370371, 0.00221794838616425, 0, 0, 0, 1], "fov": 50, "aspect": 1}, {"camera_to_world": [0.848146148381278, -0.0012561425777601234, 0.5297608263092202, 0.49150532835279814, 0.5297623155585941, 0.0020110763975758196, -0.8481437641023601, -0.7868969515352278, -2.3201926491189795e-17, 0.9999971888348225, 0.002371143701370371, 0.002199916841026478, 0, 0, 0, 1], "fov": 50, "aspect": 1}, {"camera_to_world": [0.848146148381278, -0.0012561425777601234, 0.5297608263092202, 0.4875189547987973, 0.5297623155585941, 0.0020110763975758196, -0.8481437641023601, -0.7805147924489028, -2.3201926491189795e-17, 0.9999971888348225, 0.002371143701370371, 0.002182074327812107, 0, 0, 0, 1], "fov": 50, "aspect": 1}, {"camera_to_world": [0.848146148381278, -0.001256142577760123, 0.5297608263092202, 0.48357763031615436, 0.5297623155585941, 0.0020110763975758196, -0.8481437641023601, -0.7742047566436006, -2.3635607360183997e-17, 0.9999971888348225, 0.002371143701370371, 0.0021644334486493636, 0, 0, 0, 1], "fov": 50, "aspect": 1}, {"camera_to_world": [0.848146148381278, -0.001256142577760123, 0.5297608263092202, 0.479684170471829, 0.5297623155585941, 0.0020110763975758196, -0.8481437641023601, -0.7679713518243849, -2.3635607360183997e-17, 0.9999971888348225, 0.002371143701370371, 0.0021470068056664753, 0, 0, 0, 1], "fov": 50, "aspect": 1}, {"camera_to_world": [0.848146148381278, -0.001256142577760123, 0.5297608263092202, 0.475841390832781, 0.5297623155585941, 0.0020110763975758196, -0.8481437641023601, -0.7618190856963198, -2.3635607360183997e-17, 0.9999971888348225, 0.002371143701370371, 0.002129807000991669, 0, 0, 0, 1], "fov": 50, "aspect": 1}, {"camera_to_world": [0.848146148381278, -0.0012561425777601228, 0.5297608263092202, 0.4720521069659704, 0.5297623155585941, 0.0020110763975758196, -0.8481437641023601, -0.7557524659644692, -2.3635607360183997e-17, 0.9999971888348225, 0.002371143701370371, 0.00211284663675317, 0, 0, 0, 1], "fov": 50, "aspect": 1}, {"camera_to_world": [0.848146148381278, -0.0012561425777601225, 0.5297608263092202, 0.4683191344383569, 0.5297623155585941, 0.00201107639757582, -0.8481437641023601, -0.7497760003338965, -2.4069288229178198e-17, 0.9999971888348225, 0.002371143701370371, 0.0020961383150792066, 0, 0, 0, 1], "fov": 50, "aspect": 1}, {"camera_to_world": [0.848146148381278, -0.0012561425777601225, 0.5297608263092202, 0.4646452888169004, 0.5297623155585941, 0.00201107639757582, -0.8481437641023601, -0.7438941965096662, -2.4069288229178198e-17, 0.9999971888348225, 0.002371143701370371, 0.002079694638098004, 0, 0, 0, 1], "fov": 50, "aspect": 1}, {"camera_to_world": [0.848146148381278, -0.0012561425777601225, 0.5297608263092202, 0.461033385668561, 0.5297623155585941, 0.00201107639757582, -0.8481437641023601, -0.7381115621968419, -2.4069288229178198e-17, 0.9999971888348225, 0.002371143701370371, 0.0020635282079377905, 0, 0, 0, 1], "fov": 50, "aspect": 1}, {"camera_to_world": [0.848146148381278, -0.0012561425777601219, 0.5297608263092202, 0.4574862405602984, 0.5297623155585941, 0.00201107639757582, -0.8481437641023601, -0.7324326051004879, -2.47198095326695e-17, 0.9999971888348225, 0.002371143701370371, 0.002047651626726792, 0, 0, 0, 1], "fov": 50, "aspect": 1}, {"camera_to_world": [0.848146148381278, -0.0012561425777601219, 0.5297608263092202, 0.45400666905907217, 0.5297623155585941, 0.0020110763975758205, -0.8481437641023601, -0.7268618329256674, -2.5153490401663703e-17, 0.9999971888348225, 0.002371143701370371, 0.002032077496593236, 0, 0, 0, 1], "fov": 50, "aspect": 1}, {"camera_to_world": [0.8481461483812779, -0.0012561425777601217, 0.5297608263092201, 0.4505974867318426, 0.529762315558594, 0.0020110763975758205, -0.8481437641023601, -0.7214037533774451, -2.4936649967166602e-17, 0.9999971888348224, 0.002371143701370371, 0.0020168184196653486, 0, 0, 0, 1], "fov": 50, "aspect": 1}, {"camera_to_world": [0.8481461483812779, -0.0012561425777601219, 0.5297608263092201, 0.44726150914556934, 0.529762315558594, 0.0020110763975758205, -0.8481437641023601, -0.7160628741608843, -2.47198095326695e-17, 0.9999971888348224, 0.002371143701370371, 0.002001886998071356, 0, 0, 0, 1], "fov": 50, "aspect": 1}, {"camera_to_world": [0.8481461483812779, -0.0012561425777601217, 0.5297608263092201, 0.4440015518672122, 0.529762315558594, 0.0020110763975758205, -0.8481437641023601, -0.7108437029810493, -2.4936649967166602e-17, 0.9999971888348224, 0.002371143701370371, 0.001987295833939486, 0, 0, 0, 1], "fov": 50, "aspect": 1}, {"camera_to_world": [0.8481461483812779, -0.0012561425777601215, 0.5297608263092201, 0.4408204304637313, 0.529762315558594, 0.0020110763975758205, -0.8481437641023601, -0.7057507475430038, -2.5153490401663703e-17, 0.9999971888348224, 0.002371143701370371, 0.0019730575293979654, 0, 0, 0, 1], "fov": 50, "aspect": 1}, {"camera_to_world": [0.8481461483812779, -0.0012561425777601217, 0.5297608263092201, 0.4377209605020861, 0.529762315558594, 0.0020110763975758205, -0.8481437641023601, -0.700788515551812, -2.4936649967166602e-17, 0.9999971888348224, 0.002371143701370371, 0.00195918468657502, 0, 0, 0, 1], "fov": 50, "aspect": 1}, {"camera_to_world": [0.8481461483812779, -0.0012561425777601215, 0.5297608263092201, 0.4347059575492368, 0.529762315558594, 0.0020110763975758205, -0.8481437641023601, -0.6959615147125374, -2.5153490401663703e-17, 0.9999971888348224, 0.002371143701370371, 0.0019456899075988771, 0, 0, 0, 1], "fov": 50, "aspect": 1}], "fps": 24, "seconds": 4, "smoothness_value": 0.5, "is_cycle": false, "crop": null}
