{"keyframes": [{"matrix": "[-0.9872473422605801,-0.1591938604325585,1.3877787807814457e-17,0,0.00008811652217637078,-0.0005464582747818358,0.9999998468094045,0,-0.1591938360455562,0.9872471910235718,0.0005535170887679408,0,0.688763444891042,1.0536432037007768,-0.0012698317406283199,1]", "fov": 65, "aspect": 1, "properties": "[[\"FOV\",65],[\"NAME\",\"Camera 0\"],[\"TIME\",0]]"}, {"matrix": "[-0.9872473422605803,-0.15919386043255818,4.163336342344337e-17,0,0.00008811652217631527,-0.0005464582747816138,0.9999998468094046,0,-0.15919383604555587,0.987247191023572,0.0005535170887672747,0,-0.3921262817070145,0.8793487015609964,0.00013162268210229085,1]", "fov": 65, "aspect": 1, "properties": "[[\"FOV\",65],[\"NAME\",\"Camera 1\"],[\"TIME\",0.3333333333333333]]"}, {"matrix": "[-0.9872473422605801,-0.159193860432558,1.3877787807814457e-17,0,0.00008811652217631527,-0.0005464582747816138,0.9999998468094045,0,-0.15919383604555576,0.9872471910235718,0.0005535170887677188,0,-0.29963055157171414,0.3057325866027637,-0.00018998504178775348,1]", "fov": 65, "aspect": 1, "properties": "[[\"FOV\",65],[\"NAME\",\"Camera 2\"],[\"TIME\",0.6666666666666666]]"}, {"matrix": "[-0.9872473422605803,-0.15919386043255682,-1.3877787807814457e-17,0,0.00008811652217627364,-0.0005464582747813918,0.9999998468094045,0,-0.15919383604555454,0.9872471910235721,0.0005535170887673857,0,0.6090096467224105,0.45225155707538306,-0.0011353562602689788,1]", "fov": 65, "aspect": 1, "properties": "[[\"FOV\",65],[\"NAME\",\"Camera 3\"],[\"TIME\",1]]"}], "camera_type": "fisheye", "render_height": 1080, "render_width": 1920, "camera_path": [{"camera_to_world": [-0.9872473422605803, 8.811652217636624e-05, -0.1591938360455562, 0.688763444891042, -0.15919386043255854, -0.0005464582747819187, 0.9872471910235718, 1.0536432037007768, 1.3593184737537012e-17, 0.9999998468094047, 0.0005535170887678979, -0.0012698317406283199, 0, 0, 0, 1], "fov": 65, "aspect": 1}, {"camera_to_world": [-0.9872473422605803, 8.811652217636623e-05, -0.1591938360455562, 0.6885395105611102, -0.15919386043255854, -0.0005464582747819186, 0.9872471910235718, 1.0536070940759121, 1.3593184737537012e-17, 0.9999998468094047, 0.0005535170887678978, -0.0012695413930106478, 0, 0, 0, 1], "fov": 65, "aspect": 1}, {"camera_to_world": [-0.9872473422605803, 8.81165221763662e-05, -0.1591938360455562, 0.6878727116904196, -0.15919386043255854, -0.0005464582747819183, 0.9872471910235718, 1.0534995721203098, 1.360673726469308e-17, 0.9999998468094047, 0.0005535170887678976, -0.0012686768383725511, 0, 0, 0, 1], "fov": 65, "aspect": 1}, {"camera_to_world": [-0.9872473422605803, 8.811652217636616e-05, -0.1591938360455562, 0.6867705544576268, -0.15919386043255854, -0.000546458274781918, 0.9872471910235718, 1.0533218482124564, 1.360673726469308e-17, 0.9999998468094047, 0.0005535170887678971, -0.0012672478090364103, 0, 0, 0, 1], "fov": 65, "aspect": 1}, {"camera_to_world": [-0.9872473422605803, 8.811652217636608e-05, -0.1591938360455562, 0.6852405450413891, -0.15919386043255854, -0.0005464582747819174, 0.9872471910235718, 1.0530751327308399, 1.3633842319005218e-17, 0.9999998468094047, 0.0005535170887678965, -0.001265264037324605, 0, 0, 0, 1], "fov": 65, "aspect": 1}, {"camera_to_world": [-0.9872473422605803, 8.811652217636598e-05, -0.1591938360455562, 0.6832901896203631, -0.15919386043255854, -0.0005464582747819166, 0.9872471910235718, 1.0527606360539463, 1.3660947373317356e-17, 0.9999998468094047, 0.0005535170887678957, -0.0012627352555595161, 0, 0, 0, 1], "fov": 65, "aspect": 1}, {"camera_to_world": [-0.9872473422605803, 8.811652217636586e-05, -0.1591938360455562, 0.6809269943732061, -0.15919386043255854, -0.0005464582747819156, 0.9872471910235718, 1.0523795685602633, 1.3688052427629493e-17, 0.9999998468094047, 0.0005535170887678947, -0.0012596711960635228, 0, 0, 0, 1], "fov": 65, "aspect": 1}, {"camera_to_world": [-0.9872473422605803, 8.811652217636573e-05, -0.1591938360455562, 0.6781584654785747, -0.15919386043255854, -0.0005464582747819146, 0.9872471910235718, 1.0519331406282781, 1.37287100090977e-17, 0.9999998468094047, 0.0005535170887678936, -0.001256081591159006, 0, 0, 0, 1], "fov": 65, "aspect": 1}, {"camera_to_world": [-0.9872473422605803, 8.811652217636558e-05, -0.1591938360455562, 0.6749921091151261, -0.15919386043255854, -0.0005464582747819133, 0.9872471910235718, 1.0514225626364773, 1.3782920117721975e-17, 0.9999998468094047, 0.0005535170887678923, -0.0012519761731683448, 0, 0, 0, 1], "fov": 65, "aspect": 1}, {"camera_to_world": [-0.9872473422605803, 8.81165221763654e-05, -0.1591938360455562, 0.6714354314615169, -0.15919386043255854, -0.0005464582747819118, 0.9872471910235718, 1.0508490449633485, 1.3850682753502319e-17, 0.9999998468094047, 0.0005535170887678909, -0.0012473646744139198, 0, 0, 0, 1], "fov": 65, "aspect": 1}, {"camera_to_world": [-0.9872473422605803, 8.811652217636521e-05, -0.1591938360455562, 0.6674959386964043, -0.15919386043255854, -0.0005464582747819103, 0.9872471910235718, 1.0502137979873782, 1.3904892862126594e-17, 0.9999998468094047, 0.0005535170887678894, -0.0012422568272181112, 0, 0, 0, 1], "fov": 65, "aspect": 1}, {"camera_to_world": [-0.9872473422605803, 8.8116522176365e-05, -0.1591938360455562, 0.6631811369984452, -0.15919386043255854, -0.0005464582747819086, 0.9872471910235718, 1.049518032087054, 1.395910297075087e-17, 0.9999998468094047, 0.0005535170887678877, -0.0012366623639032987, 0, 0, 0, 1], "fov": 65, "aspect": 1}, {"camera_to_world": [-0.9872473422605803, 8.811652217636478e-05, -0.1591938360455562, 0.6584985325462964, -0.15919386043255854, -0.0005464582747819069, 0.9872471910235718, 1.048762957640863, 1.4026865606531214e-17, 0.9999998468094047, 0.0005535170887678858, -0.0012305910167918627, 0, 0, 0, 1], "fov": 65, "aspect": 1}, {"camera_to_world": [-0.9872473422605803, 8.811652217636451e-05, -0.1591938360455562, 0.653455631518615, -0.15919386043255854, -0.0005464582747819047, 0.9872471910235718, 1.0479497850272919, 1.4094628242311558e-17, 0.9999998468094047, 0.0005535170887678838, -0.0012240525182061833, 0, 0, 0, 1], "fov": 65, "aspect": 1}, {"camera_to_world": [-0.9872473422605803, 8.811652217636425e-05, -0.1591938360455562, 0.6480599400940578, -0.15919386043255854, -0.0005464582747819026, 0.9872471910235718, 1.047079724624828, 1.417594340524797e-17, 0.9999998468094047, 0.0005535170887678817, -0.0012170566004686403, 0, 0, 0, 1], "fov": 65, "aspect": 1}, {"camera_to_world": [-0.9872473422605803, 8.811652217636399e-05, -0.1591938360455562, 0.6423189644512818, -0.1591938604325585, -0.0005464582747819005, 0.9872471910235721, 1.046153986811958, 1.4284363622496518e-17, 0.9999998468094047, 0.0005535170887678796, -0.0012096129959016139, 0, 0, 0, 1], "fov": 65, "aspect": 1}, {"camera_to_world": [-0.9872473422605803, 8.811652217636368e-05, -0.1591938360455562, 0.6362402107689439, -0.1591938604325585, -0.000546458274781898, 0.9872471910235721, 1.0451737819671696, 1.4379231312589e-17, 0.9999998468094047, 0.0005535170887678771, -0.0012017314368274843, 0, 0, 0, 1], "fov": 65, "aspect": 1}, {"camera_to_world": [-0.9872473422605803, 8.811652217636338e-05, -0.1591938360455562, 0.629831185225701, -0.1591938604325585, -0.0005464582747818955, 0.9872471910235721, 1.0441403204689497, 1.447409900268148e-17, 0.9999998468094047, 0.0005535170887678746, -0.0011934216555686313, 0, 0, 0, 1], "fov": 65, "aspect": 1}, {"camera_to_world": [-0.9872473422605803, 8.811652217636303e-05, -0.1591938360455562, 0.6230993940002101, -0.1591938604325585, -0.0005464582747818928, 0.9872471910235721, 1.0430548126957853, 1.4555414165617894e-17, 0.9999998468094047, 0.0005535170887678719, -0.0011846933844474352, 0, 0, 0, 1], "fov": 65, "aspect": 1}, {"camera_to_world": [-0.9872473422605803, 8.81165221763627e-05, -0.1591938360455562, 0.6160523432711281, -0.1591938604325585, -0.00054645827478189, 0.9872471910235721, 1.0419184690261631, 1.4677386910022513e-17, 0.9999998468094047, 0.000553517088767869, -0.0011755563557862762, 0, 0, 0, 1], "fov": 65, "aspect": 1}, {"camera_to_world": [-0.9872473422605803, 8.811652217636232e-05, -0.1591938360455562, 0.6086975392171119, -0.1591938604325585, -0.000546458274781887, 0.9872471910235721, 1.0407324998385707, 1.4785807127271064e-17, 0.9999998468094047, 0.0005535170887678661, -0.001166020301907534, 0, 0, 0, 1], "fov": 65, "aspect": 1}, {"camera_to_world": [-0.9872473422605803, 8.811652217636196e-05, -0.1591938360455562, 0.6010424880168186, -0.1591938604325585, -0.0005464582747818841, 0.9872471910235721, 1.0394981155114953, 1.4880674817363545e-17, 0.9999998468094047, 0.0005535170887678631, -0.0011560949551335888, 0, 0, 0, 1], "fov": 65, "aspect": 1}, {"camera_to_world": [-0.9872473422605803, 8.811652217636157e-05, -0.1591938360455562, 0.5930946958489048, -0.1591938604325585, -0.0005464582747818808, 0.9872471910235721, 1.0382165264234235, 1.5016200088924233e-17, 0.9999998468094047, 0.0005535170887678598, -0.0011457900477868208, 0, 0, 0, 1], "fov": 65, "aspect": 1}, {"camera_to_world": [-0.9872473422605803, 8.811652217636116e-05, -0.1591938360455562, 0.5848616688920276, -0.1591938604325585, -0.0005464582747818776, 0.9872471910235721, 1.0368889429528427, 1.5124620306172784e-17, 0.9999998468094047, 0.0005535170887678566, -0.0011351153121896098, 0, 0, 0, 1], "fov": 65, "aspect": 1}, {"camera_to_world": [-0.9872473422605803, 8.811652217636075e-05, -0.1591938360455562, 0.5763509133248441, -0.1591938604325585, -0.0005464582747818743, 0.9872471910235721, 1.0355165754782396, 1.5246593050577403e-17, 0.9999998468094047, 0.0005535170887678532, -0.0011240804806643364, 0, 0, 0, 1], "fov": 65, "aspect": 1}, {"camera_to_world": [-0.9872473422605803, 8.811652217636033e-05, -0.15919383604555618, 0.5675699353260111, -0.15919386043255848, -0.0005464582747818709, 0.9872471910235721, 1.0341006343781018, 1.539567084929416e-17, 0.9999998468094047, 0.0005535170887678497, -0.0011126952855333803, 0, 0, 0, 1], "fov": 65, "aspect": 1}, {"camera_to_world": [-0.9872473422605803, 8.811652217635989e-05, -0.15919383604555618, 0.5585262410741855, -0.15919386043255848, -0.0005464582747818673, 0.9872471910235721, 1.032642330030916, 1.551764359369878e-17, 0.9999998468094047, 0.0005535170887678462, -0.0011009694591191212, 0, 0, 0, 1], "fov": 65, "aspect": 1}, {"camera_to_world": [-0.9872473422605803, 8.811652217635941e-05, -0.15919383604555618, 0.5492273367480242, -0.15919386043255848, -0.0005464582747818635, 0.9872471910235721, 1.0311428728151695, 1.5666721392415536e-17, 0.9999998468094047, 0.0005535170887678424, -0.0010889127337439402, 0, 0, 0, 1], "fov": 65, "aspect": 1}, {"camera_to_world": [-0.9872473422605803, 8.811652217635896e-05, -0.15919383604555618, 0.5396807285261841, -0.15919386043255848, -0.0005464582747818598, 0.9872471910235721, 1.0296034731093493, 1.5802246663976224e-17, 0.9999998468094047, 0.0005535170887678386, -0.0010765348417302164, 0, 0, 0, 1], "fov": 65, "aspect": 1}, {"camera_to_world": [-0.9872473422605803, 8.811652217635846e-05, -0.15919383604555618, 0.5298939225873224, -0.15919386043255848, -0.0005464582747818558, 0.9872471910235721, 1.0280253412919425, 1.595132446269298e-17, 0.9999998468094047, 0.0005535170887678347, -0.0010638455154003302, 0, 0, 0, 1], "fov": 65, "aspect": 1}, {"camera_to_world": [-0.9872473422605803, 8.811652217635797e-05, -0.15919383604555618, 0.5198744251100956, -0.15919386043255848, -0.0005464582747818519, 0.9872471910235721, 1.0264096877414361, 1.608684973425367e-17, 0.9999998468094047, 0.0005535170887678307, -0.001050854487076662, 0, 0, 0, 1], "fov": 65, "aspect": 1}, {"camera_to_world": [-0.9872473422605803, 8.811652217635749e-05, -0.15919383604555618, 0.509629742273161, -0.15919386043255848, -0.0005464582747818479, 0.9872471910235721, 1.0247577228363174, 1.6235927532970426e-17, 0.9999998468094047, 0.0005535170887678266, -0.0010375714890815911, 0, 0, 0, 1], "fov": 65, "aspect": 1}, {"camera_to_world": [-0.9872473422605803, 8.8116522176357e-05, -0.15919383604555615, 0.49916738025517554, -0.15919386043255845, -0.0005464582747818439, 0.9872471910235721, 1.0230706569550732, 1.642566291315539e-17, 0.9999998468094047, 0.0005535170887678225, -0.0010240062537374987, 0, 0, 0, 1], "fov": 65, "aspect": 1}, {"camera_to_world": [-0.9872473422605803, 8.811652217635646e-05, -0.15919383604555615, 0.4884948452347958, -0.15919386043255845, -0.0005464582747818395, 0.9872471910235721, 1.0213497004761907, 1.6574740711872146e-17, 0.9999998468094047, 0.0005535170887678182, -0.001010168513366764, 0, 0, 0, 1], "fov": 65, "aspect": 1}, {"camera_to_world": [-0.9872473422605803, 8.811652217635591e-05, -0.15919383604555618, 0.4776196433906791, -0.15919386043255848, -0.0005464582747818352, 0.9872471910235721, 1.019596063778157, 1.6710265983432834e-17, 0.9999998468094047, 0.0005535170887678139, -0.0009960680002917672, 0, 0, 0, 1], "fov": 65, "aspect": 1}, {"camera_to_world": [-0.9872473422605803, 8.811652217635536e-05, -0.15919383604555618, 0.46654928090148207, -0.15919386043255848, -0.0005464582747818307, 0.9872471910235721, 1.0178109572394591, 1.687289630930566e-17, 0.9999998468094047, 0.0005535170887678094, -0.0009817144468348884, 0, 0, 0, 1], "fov": 65, "aspect": 1}, {"camera_to_world": [-0.9872473422605803, 8.811652217635483e-05, -0.15919383604555618, 0.45529126394586183, -0.15919386043255848, -0.0005464582747818264, 0.9872471910235721, 1.0159955912385843, 1.7049079162334554e-17, 0.9999998468094047, 0.000553517088767805, -0.0009671175853185079, 0, 0, 0, 1], "fov": 65, "aspect": 1}, {"camera_to_world": [-0.9872473422605803, 8.811652217635426e-05, -0.15919383604555618, 0.44385309870247514, -0.15919386043255848, -0.0005464582747818219, 0.9872471910235721, 1.0141511761540194, 1.719815696105131e-17, 0.9999998468094047, 0.0005535170887678004, -0.0009522871480650056, 0, 0, 0, 1], "fov": 65, "aspect": 1}, {"camera_to_world": [-0.9872473422605803, 8.81165221763537e-05, -0.15919383604555615, 0.43224229134997916, -0.15919386043255845, -0.0005464582747818173, 0.9872471910235721, 1.0122789223642517, 1.7401444868392343e-17, 0.9999998468094047, 0.0005535170887677957, -0.0009372328673967616, 0, 0, 0, 1], "fov": 65, "aspect": 1}, {"camera_to_world": [-0.9872473422605803, 8.811652217635312e-05, -0.15919383604555615, 0.42046634806703065, -0.15919386043255845, -0.0005464582747818126, 0.9872471910235721, 1.0103800402477683, 1.756407519426517e-17, 0.9999998468094047, 0.0005535170887677911, -0.0009219644756361561, 0, 0, 0, 1], "fov": 65, "aspect": 1}, {"camera_to_world": [-0.9872473422605803, 8.811652217635255e-05, -0.15919383604555615, 0.40853277503228663, -0.15919386043255845, -0.000546458274781808, 0.9872471910235721, 1.008455740183056, 1.7740258047294063e-17, 0.9999998468094047, 0.0005535170887677863, -0.0009064917051055689, 0, 0, 0, 1], "fov": 65, "aspect": 1}, {"camera_to_world": [-0.9872473422605803, 8.811652217635194e-05, -0.15919383604555615, 0.39644907842440397, -0.15919386043255845, -0.0005464582747818031, 0.9872471910235721, 1.0065072325486022, 1.7929993427479026e-17, 0.9999998468094047, 0.0005535170887677815, -0.0008908242881273803, 0, 0, 0, 1], "fov": 65, "aspect": 1}, {"camera_to_world": [-0.9872473422605803, 8.811652217635135e-05, -0.15919383604555615, 0.3842227644220396, -0.15919386043255845, -0.0005464582747817982, 0.9872471910235721, 1.0045357277228937, 1.810617628050792e-17, 0.9999998468094047, 0.0005535170887677767, -0.0008749719570239703, 0, 0, 0, 1], "fov": 65, "aspect": 1}, {"camera_to_world": [-0.9872473422605803, 8.811652217635072e-05, -0.1591938360455561, 0.37186133920385045, -0.1591938604325584, -0.0005464582747817932, 0.987247191023572, 1.002542436084418, 1.8309464187848956e-17, 0.9999998468094046, 0.0005535170887677717, -0.0008589444441177189, 0, 0, 0, 1], "fov": 65, "aspect": 1}, {"camera_to_world": [-0.9872473422605803, 8.811652217635013e-05, -0.1591938360455561, 0.3593723089484936, -0.1591938604325584, -0.0005464582747817884, 0.987247191023572, 1.0005285680116616, 1.849919956803392e-17, 0.9999998468094046, 0.0005535170887677667, -0.0008427514817310063, 0, 0, 0, 1], "fov": 65, "aspect": 1}, {"camera_to_world": [-0.9872473422605803, 8.811652217634949e-05, -0.1591938360455561, 0.3467631798346257, -0.1591938604325584, -0.0005464582747817833, 0.987247191023572, 0.9984953338831118, 1.8675382421062814e-17, 0.9999998468094046, 0.0005535170887677616, -0.0008264028021862126, 0, 0, 0, 1], "fov": 65, "aspect": 1}, {"camera_to_world": [-0.9872473422605803, 8.811652217634885e-05, -0.1591938360455561, 0.33404145804090385, -0.1591938604325584, -0.0005464582747817782, 0.987247191023572, 0.9964439440772561, 1.8865117801247777e-17, 0.9999998468094046, 0.0005535170887677565, -0.0008099081378057176, 0, 0, 0, 1], "fov": 65, "aspect": 1}, {"camera_to_world": [-0.9872473422605803, 8.811652217634824e-05, -0.15919383604555606, 0.32121464974598507, -0.15919386043255837, -0.0005464582747817732, 0.987247191023572, 0.9943756089725813, 1.905485318143274e-17, 0.9999998468094046, 0.0005535170887677514, -0.0007932772209119017, 0, 0, 0, 1], "fov": 65, "aspect": 1}, {"camera_to_world": [-0.9872473422605803, 8.81165221763476e-05, -0.1591938360455561, 0.3082902611285261, -0.1591938604325584, -0.000546458274781768, 0.987247191023572, 0.9922915389475742, 1.9231036034461635e-17, 0.9999998468094046, 0.0005535170887677462, -0.0007765197838271447, 0, 0, 0, 1], "fov": 65, "aspect": 1}, {"camera_to_world": [-0.9872473422605803, 8.811652217634698e-05, -0.1591938360455561, 0.295275798367184, -0.1591938604325584, -0.000546458274781763, 0.987247191023572, 0.9901929443807221, 1.9434323941802667e-17, 0.9999998468094046, 0.0005535170887677411, -0.0007596455588738271, 0, 0, 0, 1], "fov": 65, "aspect": 1}, {"camera_to_world": [-0.9872473422605803, 8.811652217634633e-05, -0.1591938360455561, 0.2821787676406156, -0.1591938604325584, -0.0005464582747817578, 0.987247191023572, 0.9880810356505122, 1.961050679483156e-17, 0.9999998468094046, 0.0005535170887677359, -0.0007426642783743284, 0, 0, 0, 1], "fov": 65, "aspect": 1}, {"camera_to_world": [-0.9872473422605803, 8.81165221763457e-05, -0.15919383604555606, 0.26900667512747806, -0.15919386043255837, -0.0005464582747817526, 0.987247191023572, 0.9859570231354315, 1.9827347229328662e-17, 0.9999998468094046, 0.0005535170887677307, -0.0007255856746510293, 0, 0, 0, 1], "fov": 65, "aspect": 1}, {"camera_to_world": [-0.9872473422605803, 8.811652217634503e-05, -0.15919383604555606, 0.25576702700642795, -0.15919386043255837, -0.0005464582747817473, 0.987247191023572, 0.9838221172139671, 2.0017082609513626e-17, 0.9999998468094046, 0.0005535170887677253, -0.0007084194800263092, 0, 0, 0, 1], "fov": 65, "aspect": 1}, {"camera_to_world": [-0.9872473422605803, 8.81165221763444e-05, -0.15919383604555606, 0.2424673294561225, -0.15919386043255837, -0.0005464582747817421, 0.987247191023572, 0.9816775282646059, 2.0220370516854658e-17, 0.9999998468094046, 0.0005535170887677201, -0.0006911754268225487, 0, 0, 0, 1], "fov": 65, "aspect": 1}, {"camera_to_world": [-0.9872473422605803, 8.811652217634374e-05, -0.15919383604555606, 0.22911508865521849, -0.15919386043255837, -0.0005464582747817367, 0.987247191023572, 0.9795244666658353, 2.042365842419569e-17, 0.9999998468094046, 0.0005535170887677148, -0.0006738632473621275, 0, 0, 0, 1], "fov": 65, "aspect": 1}, {"camera_to_world": [-0.9872473422605803, 8.81165221763431e-05, -0.15919383604555604, 0.21571781078237295, -0.15919386043255834, -0.0005464582747817315, 0.987247191023572, 0.977364142796142, 2.0626946331536722e-17, 0.9999998468094046, 0.0005535170887677094, -0.0006564926739674262, 0, 0, 0, 1], "fov": 65, "aspect": 1}, {"camera_to_world": [-0.9872473422605803, 8.811652217634242e-05, -0.15919383604555604, 0.20228300201624264, -0.15919386043255834, -0.000546458274781726, 0.987247191023572, 0.9751977670340135, 2.0843786766033823e-17, 0.9999998468094046, 0.000553517088767704, -0.0006390734389608242, 0, 0, 0, 1], "fov": 65, "aspect": 1}, {"camera_to_world": [-0.9872473422605803, 8.811652217634175e-05, -0.15919383604555606, 0.18881816853548467, -0.15919386043255837, -0.0005464582747817206, 0.987247191023572, 0.9730265497579366, 2.1033522146218786e-17, 0.9999998468094046, 0.0005535170887676986, -0.000621615274664702, 0, 0, 0, 1], "fov": 65, "aspect": 1}, {"camera_to_world": [-0.9872473422605803, 8.811652217634112e-05, -0.15919383604555606, 0.17533081651875593, -0.15919386043255837, -0.0005464582747817154, 0.987247191023572, 0.9708517013463983, 2.122325752640375e-17, 0.9999998468094046, 0.0005535170887676933, -0.0006041279134014396, 0, 0, 0, 1], "fov": 65, "aspect": 1}, {"camera_to_world": [-0.9872473422605803, 8.811652217634044e-05, -0.15919383604555604, 0.16182845214471336, -0.15919386043255834, -0.00054645827478171, 0.987247191023572, 0.9686744321778861, 2.144009796090085e-17, 0.9999998468094046, 0.0005535170887676879, -0.0005866210874934171, 0, 0, 0, 1], "fov": 65, "aspect": 1}, {"camera_to_world": [-0.9872473422605803, 8.81165221763398e-05, -0.15919383604555604, 0.14831858159201378, -0.15919386043255834, -0.0005464582747817048, 0.987247191023572, 0.9664959526308867, 2.1629833341085813e-17, 0.9999998468094046, 0.0005535170887676826, -0.0005691045292630145, 0, 0, 0, 1], "fov": 65, "aspect": 1}, {"camera_to_world": [-0.9872473422605803, 8.811652217633912e-05, -0.15919383604555604, 0.1348087110393142, -0.15919386043255834, -0.0005464582747816993, 0.987247191023572, 0.9643174730838873, 2.1833121248426846e-17, 0.9999998468094046, 0.0005535170887676771, -0.0005515879710326118, 0, 0, 0, 1], "fov": 65, "aspect": 1}, {"camera_to_world": [-0.9872473422605803, 8.811652217633847e-05, -0.159193836045556, 0.12130634666527151, -0.15919386043255832, -0.000546458274781694, 0.987247191023572, 0.9621402039153749, 2.2049961682923946e-17, 0.9999998468094046, 0.0005535170887676718, -0.000534081145124589, 0, 0, 0, 1], "fov": 65, "aspect": 1}, {"camera_to_world": [-0.9872473422605803, 8.811652217633784e-05, -0.159193836045556, 0.10781899464854289, -0.15919386043255832, -0.0005464582747816888, 0.987247191023572, 0.9599653555038369, 2.223969706310891e-17, 0.9999998468094046, 0.0005535170887676665, -0.0005165937838613268, 0, 0, 0, 1], "fov": 65, "aspect": 1}, {"camera_to_world": [-0.9872473422605803, 8.811652217633716e-05, -0.15919383604555604, 0.09435416116778489, -0.15919386043255834, -0.0005464582747816834, 0.987247191023572, 0.9577941382277598, 2.2429432443293873e-17, 0.9999998468094046, 0.0005535170887676611, -0.0004991356195652046, 0, 0, 0, 1], "fov": 65, "aspect": 1}, {"camera_to_world": [-0.9872473422605803, 8.81165221763365e-05, -0.159193836045556, 0.08091935240165471, -0.15919386043255832, -0.0005464582747816781, 0.987247191023572, 0.9556277624656313, 2.2632720350634905e-17, 0.9999998468094046, 0.0005535170887676558, -0.000481716384558603, 0, 0, 0, 1], "fov": 65, "aspect": 1}, {"camera_to_world": [-0.9872473422605803, 8.811652217633584e-05, -0.159193836045556, 0.06752207452880898, -0.15919386043255832, -0.0005464582747816728, 0.987247191023572, 0.9534674385959381, 2.2836008257975937e-17, 0.9999998468094046, 0.0005535170887676504, -0.0004643458111639013, 0, 0, 0, 1], "fov": 65, "aspect": 1}, {"camera_to_world": [-0.9872473422605803, 8.811652217633518e-05, -0.159193836045556, 0.054169833727905126, -0.15919386043255832, -0.0005464582747816675, 0.987247191023572, 0.9513143769971674, 2.30257436381609e-17, 0.9999998468094046, 0.000553517088767645, -0.0004470336317034803, 0, 0, 0, 1], "fov": 65, "aspect": 1}, {"camera_to_world": [-0.9872473422605803, 8.811652217633454e-05, -0.15919383604555598, 0.04087013617759955, -0.1591938604325583, -0.0005464582747816623, 0.987247191023572, 0.9491697880478063, 2.3242584072658e-17, 0.9999998468094046, 0.0005535170887676398, -0.0004297895784997199, 0, 0, 0, 1], "fov": 65, "aspect": 1}, {"camera_to_world": [-0.9872473422605803, 8.811652217633388e-05, -0.159193836045556, 0.027630488056549607, -0.15919386043255832, -0.000546458274781657, 0.987247191023572, 0.9470348821263418, 2.3418766925686896e-17, 0.9999998468094046, 0.0005535170887676344, -0.0004126233838749997, 0, 0, 0, 1], "fov": 65, "aspect": 1}, {"camera_to_world": [-0.9872473422605803, 8.811652217633324e-05, -0.159193836045556, 0.014458395543411884, -0.15919386043255832, -0.0005464582747816517, 0.987247191023572, 0.9449108696112611, 2.3622054833027928e-17, 0.9999998468094046, 0.0005535170887676292, -0.00039554478015170025, 0, 0, 0, 1], "fov": 65, "aspect": 1}, {"camera_to_world": [-0.9872473422605803, 8.811652217633259e-05, -0.15919383604555598, 0.0013613648168435133, -0.1591938604325583, -0.0005464582747816465, 0.987247191023572, 0.9427989608810512, 2.381179021321289e-17, 0.9999998468094046, 0.000553517088767624, -0.00037856349965220194, 0, 0, 0, 1], "fov": 65, "aspect": 1}, {"camera_to_world": [-0.9872473422605803, 8.811652217633197e-05, -0.15919383604555598, -0.011653097944498592, -0.1591938604325583, -0.0005464582747816414, 0.987247191023572, 0.9407003663141992, 2.4015078120553923e-17, 0.9999998468094046, 0.0005535170887676188, -0.0003616892746988842, 0, 0, 0, 1], "fov": 65, "aspect": 1}, {"camera_to_world": [-0.9872473422605803, 8.811652217633132e-05, -0.15919383604555598, -0.024577486561957407, -0.1591938604325583, -0.0005464582747816362, 0.987247191023572, 0.9386162962891922, 2.4191260973582818e-17, 0.9999998468094046, 0.0005535170887676136, -0.0003449318376141272, 0, 0, 0, 1], "fov": 65, "aspect": 1}, {"camera_to_world": [-0.9872473422605803, 8.811652217633071e-05, -0.15919383604555595, -0.03740429485687646, -0.15919386043255826, -0.0005464582747816313, 0.9872471910235718, 0.9365479611845171, 2.4394548880923856e-17, 0.9999998468094045, 0.0005535170887676085, -0.0003283009207203113, 0, 0, 0, 1], "fov": 65, "aspect": 1}, {"camera_to_world": [-0.9872473422605803, 8.811652217633006e-05, -0.15919383604555595, -0.05012601665059824, -0.15919386043255826, -0.000546458274781626, 0.9872471910235718, 0.9344965713786615, 2.458428426110882e-17, 0.9999998468094045, 0.0005535170887676033, -0.0003118062563398163, 0, 0, 0, 1], "fov": 65, "aspect": 1}, {"camera_to_world": [-0.9872473422605803, 8.811652217632946e-05, -0.15919383604555598, -0.06273514576446604, -0.1591938604325583, -0.0005464582747816212, 0.987247191023572, 0.9324633372501119, 2.4760467114137708e-17, 0.9999998468094046, 0.0005535170887675984, -0.0002954575767950226, 0, 0, 0, 1], "fov": 65, "aspect": 1}, {"camera_to_world": [-0.9872473422605803, 8.811652217632888e-05, -0.15919383604555595, -0.07522417601982312, -0.15919386043255826, -0.0005464582747816164, 0.987247191023572, 0.9304494691773555, 2.496375502147874e-17, 0.9999998468094046, 0.0005535170887675935, -0.0002792646144083098, 0, 0, 0, 1], "fov": 65, "aspect": 1}, {"camera_to_world": [-0.9872473422605803, 8.811652217632825e-05, -0.15919383604555598, -0.08758560123801218, -0.1591938604325583, -0.0005464582747816114, 0.987247191023572, 0.9284561775388797, 2.5126385347351565e-17, 0.9999998468094046, 0.0005535170887675886, -0.00026323710150205854, 0, 0, 0, 1], "fov": 65, "aspect": 1}, {"camera_to_world": [-0.9872473422605803, 8.811652217632768e-05, -0.15919383604555595, -0.09981191524037647, -0.15919386043255826, -0.0005464582747816067, 0.987247191023572, 0.9264846727131711, 2.5329673254692597e-17, 0.9999998468094046, 0.0005535170887675838, -0.00024738477039864864, 0, 0, 0, 1], "fov": 65, "aspect": 1}, {"camera_to_world": [-0.9872473422605803, 8.811652217632707e-05, -0.15919383604555595, -0.11189561184825914, -0.15919386043255826, -0.0005464582747816019, 0.987247191023572, 0.9245361650787174, 2.5492303580565423e-17, 0.9999998468094046, 0.0005535170887675789, -0.00023171735342046, 0, 0, 0, 1], "fov": 65, "aspect": 1}, {"camera_to_world": [-0.9872473422605803, 8.811652217632649e-05, -0.15919383604555595, -0.1238291848830031, -0.15919386043255826, -0.0005464582747815971, 0.987247191023572, 0.922611865014005, 2.5682038960750386e-17, 0.9999998468094046, 0.0005535170887675741, -0.00021624458288987275, 0, 0, 0, 1], "fov": 65, "aspect": 1}, {"camera_to_world": [-0.9872473422605803, 8.811652217632592e-05, -0.15919383604555595, -0.1356051281659515, -0.15919386043255826, -0.0005464582747815925, 0.987247191023572, 0.9207129828975216, 2.5844669286623212e-17, 0.9999998468094046, 0.0005535170887675695, -0.0002009761911292671, 0, 0, 0, 1], "fov": 65, "aspect": 1}, {"camera_to_world": [-0.9872473422605803, 8.811652217632534e-05, -0.15919383604555595, -0.14721593551844758, -0.15919386043255826, -0.0005464582747815879, 0.987247191023572, 0.9188407291077539, 2.6007299612496038e-17, 0.9999998468094046, 0.0005535170887675648, -0.00018592191046102355, 0, 0, 0, 1], "fov": 65, "aspect": 1}, {"camera_to_world": [-0.9872473422605803, 8.811652217632478e-05, -0.15919383604555593, -0.15865410076183428, -0.15919386043255823, -0.0005464582747815833, 0.987247191023572, 0.916996314023189, 2.6197034992681e-17, 0.9999998468094046, 0.0005535170887675603, -0.00017109147320752086, 0, 0, 0, 1], "fov": 65, "aspect": 1}, {"camera_to_world": [-0.9872473422605803, 8.811652217632422e-05, -0.15919383604555595, -0.16991211771745462, -0.15919386043255826, -0.0005464582747815788, 0.987247191023572, 0.9151809480223143, 2.6346112791397758e-17, 0.9999998468094046, 0.0005535170887675557, -0.0001564946116911403, 0, 0, 0, 1], "fov": 65, "aspect": 1}, {"camera_to_world": [-0.9872473422605803, 8.81165221763237e-05, -0.15919383604555595, -0.18098248020665153, -0.15919386043255826, -0.0005464582747815745, 0.987247191023572, 0.9133958414836164, 2.6522295644426652e-17, 0.9999998468094046, 0.0005535170887675514, -0.00014214105823426152, 0, 0, 0, 1], "fov": 65, "aspect": 1}, {"camera_to_world": [-0.9872473422605803, 8.811652217632316e-05, -0.15919383604555593, -0.19185768205076836, -0.15919386043255823, -0.0005464582747815702, 0.987247191023572, 0.9116422047855827, 2.6684925970299478e-17, 0.9999998468094046, 0.000553517088767547, -0.000128040545159265, 0, 0, 0, 1], "fov": 65, "aspect": 1}, {"camera_to_world": [-0.9872473422605803, 8.811652217632266e-05, -0.15919383604555593, -0.20253021707114793, -0.15919386043255823, -0.0005464582747815661, 0.987247191023572, 0.9099212483067002, 2.6834003769016235e-17, 0.9999998468094046, 0.0005535170887675428, -0.00011420280478853019, 0, 0, 0, 1], "fov": 65, "aspect": 1}, {"camera_to_world": [-0.9872473422605803, 8.811652217632213e-05, -0.15919383604555593, -0.2129925790891335, -0.15919386043255823, -0.0005464582747815619, 0.987247191023572, 0.9082341824254561, 2.699663409488906e-17, 0.9999998468094046, 0.0005535170887675386, -0.00010063756944443734, 0, 0, 0, 1], "fov": 65, "aspect": 1}, {"camera_to_world": [-0.9872473422605803, 8.811652217632161e-05, -0.15919383604555593, -0.2232372619260682, -0.15919386043255823, -0.0005464582747815577, 0.987247191023572, 0.9065822175203373, 2.7145711893605817e-17, 0.9999998468094046, 0.0005535170887675345, -8.735457144936698e-05, 0, 0, 0, 1], "fov": 65, "aspect": 1}, {"camera_to_world": [-0.9872473422605803, 8.811652217632111e-05, -0.1591938360455559, -0.2332567594032946, -0.1591938604325582, -0.0005464582747815537, 0.987247191023572, 0.9049665639698309, 2.7308342219478643e-17, 0.9999998468094046, 0.0005535170887675304, -7.436354312569875e-05, 0, 0, 0, 1], "fov": 65, "aspect": 1}, {"camera_to_world": [-0.9872473422605803, 8.811652217632066e-05, -0.15919383604555593, -0.24304356534215665, -0.15919386043255823, -0.00054645827478155, 0.987247191023572, 0.9033884321524241, 2.7430314963883262e-17, 0.9999998468094046, 0.0005535170887675266, -6.167421679581248e-05, 0, 0, 0, 1], "fov": 65, "aspect": 1}, {"camera_to_world": [-0.9872473422605803, 8.811652217632019e-05, -0.1591938360455559, -0.2525901735639968, -0.1591938604325582, -0.0005464582747815462, 0.987247191023572, 0.9018490324466039, 2.7592945289756088e-17, 0.9999998468094046, 0.0005535170887675229, -4.92963247820887e-05, 0, 0, 0, 1], "fov": 65, "aspect": 1}, {"camera_to_world": [-0.9872473422605803, 8.811652217631972e-05, -0.15919383604555593, -0.2618890778901579, -0.15919386043255823, -0.0005464582747815425, 0.987247191023572, 0.9003495752308572, 2.7701365507004638e-17, 0.9999998468094046, 0.0005535170887675191, -3.7239599406907464e-05, 0, 0, 0, 1], "fov": 65, "aspect": 1}, {"camera_to_world": [-0.9872473422605803, 8.81165221763193e-05, -0.15919383604555587, -0.2709327721419834, -0.15919386043255818, -0.000546458274781539, 0.9872471910235718, 0.8988912708836716, 2.786399583287747e-17, 0.9999998468094045, 0.0005535170887675155, -2.5513772992648634e-05, 0, 0, 0, 1], "fov": 65, "aspect": 1}, {"camera_to_world": [-0.9872473422605803, 8.811652217631886e-05, -0.15919383604555587, -0.27971375014081645, -0.15919386043255818, -0.0005464582747815354, 0.9872471910235718, 0.8974753297835338, 2.799952110443816e-17, 0.9999998468094045, 0.0005535170887675119, -1.4128577861692278e-05, 0, 0, 0, 1], "fov": 65, "aspect": 1}, {"camera_to_world": [-0.9872473422605803, 8.811652217631844e-05, -0.15919383604555587, -0.2882245057080002, -0.15919386043255818, -0.000546458274781532, 0.9872471910235718, 0.8961029623089307, 2.8135046375998846e-17, 0.9999998468094045, 0.0005535170887675085, -3.093746336418901e-06, 0, 0, 0, 1], "fov": 65, "aspect": 1}, {"camera_to_world": [-0.9872473422605803, 8.811652217631805e-05, -0.15919383604555587, -0.2964575326648775, -0.15919386043255818, -0.0005464582747815289, 0.9872471910235718, 0.8947753788383499, 2.8243466593247397e-17, 0.9999998468094045, 0.0005535170887675053, 7.58098926079186e-06, 0, 0, 0, 1], "fov": 65, "aspect": 1}, {"camera_to_world": [-0.9872473422605803, 8.811652217631767e-05, -0.15919383604555584, -0.3044053248327907, -0.15919386043255815, -0.0005464582747815258, 0.9872471910235718, 0.8934937897502782, 2.8378991864808085e-17, 0.9999998468094045, 0.0005535170887675021, 1.7885896607559718e-05, 0, 0, 0, 1], "fov": 65, "aspect": 1}, {"camera_to_world": [-0.9872473422605803, 8.811652217631728e-05, -0.15919383604555587, -0.31206037603308445, -0.15919386043255818, -0.0005464582747815226, 0.9872471910235718, 0.8922594054232026, 2.8473859554900566e-17, 0.9999998468094045, 0.000553517088767499, 2.7811243381505252e-05, 0, 0, 0, 1], "fov": 65, "aspect": 1}, {"camera_to_world": [-0.9872473422605803, 8.811652217631692e-05, -0.15919383604555584, -0.31941518008710057, -0.15919386043255815, -0.0005464582747815198, 0.9872471910235718, 0.8910734362356102, 2.8595832299305186e-17, 0.9999998468094045, 0.0005535170887674962, 3.7347297260247525e-05, 0, 0, 0, 1], "fov": 65, "aspect": 1}, {"camera_to_world": [-0.9872473422605803, 8.811652217631657e-05, -0.15919383604555587, -0.3264622308161824, -0.15919386043255818, -0.000546458274781517, 0.9872471910235718, 0.8899370925659882, 2.86771474622416e-17, 0.9999998468094045, 0.0005535170887674934, 4.648432592140603e-05, 0, 0, 0, 1], "fov": 65, "aspect": 1}, {"camera_to_world": [-0.9872473422605803, 8.811652217631626e-05, -0.15919383604555584, -0.3331940220416736, -0.15919386043255815, -0.0005464582747815143, 0.9872471910235718, 0.8888515847928237, 2.8826225260958355e-17, 0.9999998468094045, 0.0005535170887674907, 5.5212597042602436e-05, 0, 0, 0, 1], "fov": 65, "aspect": 1}, {"camera_to_world": [-0.9872473422605803, 8.811652217631592e-05, -0.15919383604555587, -0.3396030475849161, -0.15919386043255818, -0.0005464582747815117, 0.9872471910235718, 0.8878181232946037, 2.888043536958263e-17, 0.9999998468094045, 0.000553517088767488, 6.352237830145537e-05, 0, 0, 0, 1], "fov": 65, "aspect": 1}, {"camera_to_world": [-0.9872473422605803, 8.811652217631564e-05, -0.15919383604555584, -0.34568180126725423, -0.15919386043255815, -0.0005464582747815093, 0.9872471910235718, 0.8868379184498153, 2.898885558683118e-17, 0.9999998468094045, 0.0005535170887674857, 7.140393737558519e-05, 0, 0, 0, 1], "fov": 65, "aspect": 1}, {"camera_to_world": [-0.9872473422605803, 8.811652217631534e-05, -0.15919383604555587, -0.3514227769100302, -0.15919386043255818, -0.0005464582747815069, 0.9872471910235718, 0.8859121806369455, 2.9070170749767594e-17, 0.9999998468094045, 0.0005535170887674833, 7.884754194261161e-05, 0, 0, 0, 1], "fov": 65, "aspect": 1}, {"camera_to_world": [-0.9872473422605803, 8.81165221763151e-05, -0.15919383604555584, -0.3568184683345874, -0.15919386043255815, -0.0005464582747815048, 0.9872471910235718, 0.8850421202344816, 2.9165038439860075e-17, 0.9999998468094045, 0.0005535170887674812, 8.584345968015456e-05, 0, 0, 0, 1], "fov": 65, "aspect": 1}, {"camera_to_world": [-0.9872473422605803, 8.811652217631484e-05, -0.15919383604555584, -0.36186136936226876, -0.15919386043255815, -0.0005464582747815028, 0.9872471910235718, 0.8842289476209104, 2.924635360279649e-17, 0.9999998468094045, 0.0005535170887674792, 9.238195826583376e-05, 0, 0, 0, 1], "fov": 65, "aspect": 1}, {"camera_to_world": [-0.9872473422605803, 8.81165221763146e-05, -0.15919383604555584, -0.36654397381441717, -0.15919386043255815, -0.0005464582747815009, 0.9872471910235718, 0.8834738731747194, 2.9300563711420763e-17, 0.9999998468094045, 0.0005535170887674773, 9.845330537726956e-05, 0, 0, 0, 1], "fov": 65, "aspect": 1}, {"camera_to_world": [-0.9872473422605803, 8.81165221763144e-05, -0.15919383604555587, -0.37085877551237667, -0.15919386043255818, -0.0005464582747814993, 0.987247191023572, 0.8827781072743951, 2.935477382004503e-17, 0.9999998468094046, 0.0005535170887674757, 0.00010404776869208212, 0, 0, 0, 1], "fov": 65, "aspect": 1}, {"camera_to_world": [-0.9872473422605803, 8.81165221763142e-05, -0.15919383604555587, -0.3747982682774893, -0.15919386043255818, -0.0005464582747814977, 0.987247191023572, 0.8821428602984249, 2.940898392866931e-17, 0.9999998468094046, 0.0005535170887674741, 0.0001091556158878907, 0, 0, 0, 1], "fov": 65, "aspect": 1}, {"camera_to_world": [-0.9872473422605803, 8.811652217631404e-05, -0.1591938360455559, -0.3783549459310984, -0.1591938604325582, -0.0005464582747814964, 0.987247191023572, 0.881569342625296, 2.9449641510137514e-17, 0.9999998468094046, 0.0005535170887674728, 0.0001137671146423159, 0, 0, 0, 1], "fov": 65, "aspect": 1}, {"camera_to_world": [-0.9872473422605803, 8.811652217631386e-05, -0.15919383604555584, -0.38152130229454717, -0.15919386043255815, -0.000546458274781495, 0.9872471910235718, 0.8810587646334953, 2.9517404145917864e-17, 0.9999998468094045, 0.0005535170887674714, 0.00011787253263297656, 0, 0, 0, 1], "fov": 65, "aspect": 1}, {"camera_to_world": [-0.9872473422605803, 8.811652217631375e-05, -0.15919383604555587, -0.3842898311891787, -0.15919386043255818, -0.000546458274781494, 0.9872471910235718, 0.88061233670151, 2.955806172738607e-17, 0.9999998468094045, 0.0005535170887674703, 0.00012146213753749455, 0, 0, 0, 1], "fov": 65, "aspect": 1}, {"camera_to_world": [-0.9872473422605803, 8.811652217631363e-05, -0.15919383604555584, -0.3866530264363355, -0.15919386043255815, -0.000546458274781493, 0.9872471910235718, 0.8802312692078271, 2.959871930885428e-17, 0.9999998468094045, 0.0005535170887674693, 0.00012452619703348699, 0, 0, 0, 1], "fov": 65, "aspect": 1}, {"camera_to_world": [-0.9872473422605803, 8.811652217631354e-05, -0.15919383604555584, -0.38860338185736154, -0.15919386043255815, -0.0005464582747814923, 0.9872471910235718, 0.8799167725309338, 2.9625824363166415e-17, 0.9999998468094045, 0.0005535170887674685, 0.0001270549787985762, 0, 0, 0, 1], "fov": 65, "aspect": 1}, {"camera_to_world": [-0.9872473422605803, 8.811652217631345e-05, -0.15919383604555584, -0.39013339127359936, -0.15919386043255815, -0.0005464582747814916, 0.9872471910235718, 0.8796700570493168, 2.965292941747855e-17, 0.9999998468094045, 0.0005535170887674679, 0.00012903875051038143, 0, 0, 0, 1], "fov": 65, "aspect": 1}, {"camera_to_world": [-0.9872473422605803, 8.81165221763134e-05, -0.15919383604555584, -0.39123554850639186, -0.15919386043255815, -0.0005464582747814912, 0.9872471910235718, 0.8794923331414637, 2.966648194463462e-17, 0.9999998468094045, 0.0005535170887674674, 0.00013046777984652242, 0, 0, 0, 1], "fov": 65, "aspect": 1}, {"camera_to_world": [-0.9872473422605803, 8.811652217631337e-05, -0.15919383604555584, -0.3919023473770826, -0.15919386043255815, -0.000546458274781491, 0.9872471910235718, 0.8793848111858613, 2.968003447179069e-17,